Sample	0	1	2	3	4	5	6	7	8	9	10	11	12	13	14	15	16	17	18	19	20	21	22	23	24	25	26
SRR36750771_1_paired	(13.0, 7.0)	(14.0, 122.0)	(15.0, 557.0)	(16.0, 1214.0)	(17.0, 1968.0)	(18.0, 2916.0)	(19.0, 4174.0)	(20.0, 5661.0)	(21.0, 8025.0)	(22.0, 10300.0)	(23.0, 14544.0)	(24.0, 20916.0)	(25.0, 32451.0)	(26.0, 49327.0)	(27.0, 77047.0)	(28.0, 115362.0)	(29.0, 166498.0)	(30.0, 226193.0)	(31.0, 298860.0)	(32.0, 398718.0)	(33.0, 543197.0)	(34.0, 849567.0)	(35.0, 2002872.0)	(36.0, 23790865.0)	(37.0, 3813865.0)		
SRR36750771_2_paired	(11.0, 62.0)	(12.0, 3087.0)	(13.0, 13183.0)	(14.0, 19399.0)	(15.0, 19650.0)	(16.0, 18694.0)	(17.0, 18374.0)	(18.0, 19387.0)	(19.0, 23546.0)	(20.0, 32507.0)	(21.0, 46258.0)	(22.0, 61804.0)	(23.0, 73671.0)	(24.0, 82000.0)	(25.0, 89931.0)	(26.0, 101693.0)	(27.0, 121367.0)	(28.0, 149111.0)	(29.0, 190250.0)	(30.0, 248516.0)	(31.0, 338486.0)	(32.0, 486357.0)	(33.0, 783180.0)	(34.0, 1622771.0)	(35.0, 5541671.0)	(36.0, 21467799.0)	(37.0, 862472.0)
SRR36750772_1_paired	(13.0, 2.0)	(14.0, 66.0)	(15.0, 247.0)	(16.0, 643.0)	(17.0, 1130.0)	(18.0, 1842.0)	(19.0, 3149.0)	(20.0, 4845.0)	(21.0, 7082.0)	(22.0, 9054.0)	(23.0, 12925.0)	(24.0, 19088.0)	(25.0, 27839.0)	(26.0, 41432.0)	(27.0, 63314.0)	(28.0, 92479.0)	(29.0, 132567.0)	(30.0, 177742.0)	(31.0, 232735.0)	(32.0, 305641.0)	(33.0, 422205.0)	(34.0, 674871.0)	(35.0, 1596443.0)	(36.0, 16834393.0)	(37.0, 2574279.0)		
SRR36750772_2_paired	(11.0, 37.0)	(12.0, 1864.0)	(13.0, 9492.0)	(14.0, 15249.0)	(15.0, 16171.0)	(16.0, 15492.0)	(17.0, 14518.0)	(18.0, 15174.0)	(19.0, 18951.0)	(20.0, 27660.0)	(21.0, 40892.0)	(22.0, 55349.0)	(23.0, 63862.0)	(24.0, 68214.0)	(25.0, 70984.0)	(26.0, 76437.0)	(27.0, 86652.0)	(28.0, 104447.0)	(29.0, 130735.0)	(30.0, 169349.0)	(31.0, 228465.0)	(32.0, 323534.0)	(33.0, 507820.0)	(34.0, 995198.0)	(35.0, 3268706.0)	(36.0, 16031460.0)	(37.0, 879301.0)
SRR36750775_1_paired	(13.0, 5.0)	(14.0, 133.0)	(15.0, 585.0)	(16.0, 1426.0)	(17.0, 2230.0)	(18.0, 3374.0)	(19.0, 5315.0)	(20.0, 7689.0)	(21.0, 10712.0)	(22.0, 13972.0)	(23.0, 19596.0)	(24.0, 28770.0)	(25.0, 42475.0)	(26.0, 63104.0)	(27.0, 94195.0)	(28.0, 137117.0)	(29.0, 192898.0)	(30.0, 258978.0)	(31.0, 337462.0)	(32.0, 444222.0)	(33.0, 616145.0)	(34.0, 978140.0)	(35.0, 2328076.0)	(36.0, 25448939.0)	(37.0, 3927596.0)		
SRR36750775_2_paired	(11.0, 24.0)	(12.0, 2252.0)	(13.0, 10859.0)	(14.0, 18207.0)	(15.0, 20009.0)	(16.0, 19654.0)	(17.0, 19268.0)	(18.0, 20160.0)	(19.0, 24107.0)	(20.0, 34279.0)	(21.0, 49841.0)	(22.0, 67425.0)	(23.0, 78542.0)	(24.0, 85556.0)	(25.0, 90425.0)	(26.0, 98139.0)	(27.0, 113671.0)	(28.0, 136866.0)	(29.0, 173732.0)	(30.0, 224616.0)	(31.0, 302855.0)	(32.0, 428819.0)	(33.0, 665833.0)	(34.0, 1287718.0)	(35.0, 4230408.0)	(36.0, 25050560.0)	(37.0, 1709329.0)
SRR36750776_1_paired	(13.0, 10.0)	(14.0, 158.0)	(15.0, 663.0)	(16.0, 1394.0)	(17.0, 2327.0)	(18.0, 3318.0)	(19.0, 4954.0)	(20.0, 7224.0)	(21.0, 10751.0)	(22.0, 15214.0)	(23.0, 21603.0)	(24.0, 31252.0)	(25.0, 45286.0)	(26.0, 65702.0)	(27.0, 95865.0)	(28.0, 138134.0)	(29.0, 194406.0)	(30.0, 259681.0)	(31.0, 338955.0)	(32.0, 448248.0)	(33.0, 612552.0)	(34.0, 954542.0)	(35.0, 2206498.0)	(36.0, 24851163.0)	(37.0, 4271671.0)		
SRR36750776_2_paired	(11.0, 49.0)	(12.0, 3238.0)	(13.0, 14454.0)	(14.0, 21560.0)	(15.0, 22840.0)	(16.0, 21797.0)	(17.0, 21622.0)	(18.0, 23497.0)	(19.0, 29373.0)	(20.0, 41713.0)	(21.0, 59640.0)	(22.0, 77866.0)	(23.0, 90292.0)	(24.0, 99077.0)	(25.0, 108899.0)	(26.0, 123300.0)	(27.0, 145265.0)	(28.0, 176803.0)	(29.0, 222931.0)	(30.0, 286195.0)	(31.0, 383892.0)	(32.0, 548103.0)	(33.0, 871149.0)	(34.0, 1767521.0)	(35.0, 5848624.0)	(36.0, 22617263.0)	(37.0, 954608.0)
SRR36750778_1_paired	(13.0, 2.0)	(14.0, 51.0)	(15.0, 266.0)	(16.0, 657.0)	(17.0, 1328.0)	(18.0, 2340.0)	(19.0, 3763.0)	(20.0, 6023.0)	(21.0, 9265.0)	(22.0, 12989.0)	(23.0, 18883.0)	(24.0, 28640.0)	(25.0, 44635.0)	(26.0, 69870.0)	(27.0, 107742.0)	(28.0, 160821.0)	(29.0, 231030.0)	(30.0, 315906.0)	(31.0, 423766.0)	(32.0, 573008.0)	(33.0, 820843.0)	(34.0, 1409597.0)	(35.0, 3772237.0)	(36.0, 21855585.0)	(37.0, 1892490.0)		
SRR36750778_2_paired	(11.0, 235.0)	(12.0, 3928.0)	(13.0, 14762.0)	(14.0, 21190.0)	(15.0, 21839.0)	(16.0, 20682.0)	(17.0, 20146.0)	(18.0, 22368.0)	(19.0, 28538.0)	(20.0, 42130.0)	(21.0, 61957.0)	(22.0, 84362.0)	(23.0, 103493.0)	(24.0, 120085.0)	(25.0, 140527.0)	(26.0, 168235.0)	(27.0, 208223.0)	(28.0, 262906.0)	(29.0, 341835.0)	(30.0, 453074.0)	(31.0, 632612.0)	(32.0, 952116.0)	(33.0, 1616513.0)	(34.0, 3270466.0)	(35.0, 8005938.0)	(36.0, 14709002.0)	(37.0, 434575.0)
SRR36750779_1_paired	(13.0, 5.0)	(14.0, 53.0)	(15.0, 268.0)	(16.0, 619.0)	(17.0, 1155.0)	(18.0, 2098.0)	(19.0, 3473.0)	(20.0, 5199.0)	(21.0, 7782.0)	(22.0, 10844.0)	(23.0, 15818.0)	(24.0, 23723.0)	(25.0, 35575.0)	(26.0, 54341.0)	(27.0, 83422.0)	(28.0, 123811.0)	(29.0, 177222.0)	(30.0, 243600.0)	(31.0, 331588.0)	(32.0, 453031.0)	(33.0, 654686.0)	(34.0, 1126189.0)	(35.0, 2993992.0)	(36.0, 17737231.0)	(37.0, 1662552.0)		
SRR36750779_2_paired	(11.0, 92.0)	(12.0, 2270.0)	(13.0, 9111.0)	(14.0, 14383.0)	(15.0, 15520.0)	(16.0, 15162.0)	(17.0, 14800.0)	(18.0, 16156.0)	(19.0, 20462.0)	(20.0, 30573.0)	(21.0, 44972.0)	(22.0, 58512.0)	(23.0, 69196.0)	(24.0, 75442.0)	(25.0, 83146.0)	(26.0, 95935.0)	(27.0, 116721.0)	(28.0, 147961.0)	(29.0, 192727.0)	(30.0, 258262.0)	(31.0, 359556.0)	(32.0, 538061.0)	(33.0, 894631.0)	(34.0, 1809813.0)	(35.0, 5004291.0)	(36.0, 15074996.0)	(37.0, 785526.0)
SRR36750780_1_paired	(13.0, 5.0)	(14.0, 48.0)	(15.0, 269.0)	(16.0, 641.0)	(17.0, 1246.0)	(18.0, 2036.0)	(19.0, 3417.0)	(20.0, 5612.0)	(21.0, 8787.0)	(22.0, 11963.0)	(23.0, 16558.0)	(24.0, 24218.0)	(25.0, 37067.0)	(26.0, 57617.0)	(27.0, 88575.0)	(28.0, 133757.0)	(29.0, 194374.0)	(30.0, 268618.0)	(31.0, 364522.0)	(32.0, 502085.0)	(33.0, 731653.0)	(34.0, 1273650.0)	(35.0, 3455836.0)	(36.0, 19991083.0)	(37.0, 1742676.0)		
SRR36750780_2_paired	(11.0, 230.0)	(12.0, 4756.0)	(13.0, 17155.0)	(14.0, 23131.0)	(15.0, 23178.0)	(16.0, 21261.0)	(17.0, 20518.0)	(18.0, 22978.0)	(19.0, 29053.0)	(20.0, 43022.0)	(21.0, 62556.0)	(22.0, 84600.0)	(23.0, 100922.0)	(24.0, 117783.0)	(25.0, 134160.0)	(26.0, 160789.0)	(27.0, 197638.0)	(28.0, 249565.0)	(29.0, 325135.0)	(30.0, 434557.0)	(31.0, 608961.0)	(32.0, 929279.0)	(33.0, 1581537.0)	(34.0, 3182632.0)	(35.0, 7540199.0)	(36.0, 12671707.0)	(37.0, 329011.0)
SRR36750781_1_paired	(12.0, 1.0)	(13.0, 7.0)	(14.0, 95.0)	(15.0, 350.0)	(16.0, 854.0)	(17.0, 1400.0)	(18.0, 2478.0)	(19.0, 3861.0)	(20.0, 6254.0)	(21.0, 9430.0)	(22.0, 12656.0)	(23.0, 18070.0)	(24.0, 26606.0)	(25.0, 39859.0)	(26.0, 59893.0)	(27.0, 88982.0)	(28.0, 130728.0)	(29.0, 188340.0)	(30.0, 257614.0)	(31.0, 350588.0)	(32.0, 482416.0)	(33.0, 706624.0)	(34.0, 1233384.0)	(35.0, 3341509.0)	(36.0, 19433140.0)	(37.0, 1699083.0)	
SRR36750781_2_paired	(11.0, 102.0)	(12.0, 2911.0)	(13.0, 11799.0)	(14.0, 17718.0)	(15.0, 18694.0)	(16.0, 17985.0)	(17.0, 17671.0)	(18.0, 18979.0)	(19.0, 24193.0)	(20.0, 34696.0)	(21.0, 50293.0)	(22.0, 68303.0)	(23.0, 81260.0)	(24.0, 93071.0)	(25.0, 106906.0)	(26.0, 126093.0)	(27.0, 156374.0)	(28.0, 199866.0)	(29.0, 262326.0)	(30.0, 351681.0)	(31.0, 495130.0)	(32.0, 749130.0)	(33.0, 1266460.0)	(34.0, 2575434.0)	(35.0, 6595233.0)	(36.0, 14238458.0)	(37.0, 513456.0)
SRR36750783_1_paired	(13.0, 9.0)	(14.0, 116.0)	(15.0, 517.0)	(16.0, 1230.0)	(17.0, 2178.0)	(18.0, 3597.0)	(19.0, 5768.0)	(20.0, 9787.0)	(21.0, 15258.0)	(22.0, 20642.0)	(23.0, 28509.0)	(24.0, 41572.0)	(25.0, 60550.0)	(26.0, 91506.0)	(27.0, 135946.0)	(28.0, 197921.0)	(29.0, 280174.0)	(30.0, 383403.0)	(31.0, 516092.0)	(32.0, 704548.0)	(33.0, 1026380.0)	(34.0, 1779692.0)	(35.0, 4779803.0)	(36.0, 27272819.0)	(37.0, 2415090.0)		
SRR36750783_2_paired	(11.0, 282.0)	(12.0, 5590.0)	(13.0, 19448.0)	(14.0, 28399.0)	(15.0, 29154.0)	(16.0, 28467.0)	(17.0, 28127.0)	(18.0, 31357.0)	(19.0, 40709.0)	(20.0, 59436.0)	(21.0, 86983.0)	(22.0, 117603.0)	(23.0, 144255.0)	(24.0, 167238.0)	(25.0, 193235.0)	(26.0, 230914.0)	(27.0, 283129.0)	(28.0, 355843.0)	(29.0, 461716.0)	(30.0, 613635.0)	(31.0, 858321.0)	(32.0, 1299961.0)	(33.0, 2195326.0)	(34.0, 4397451.0)	(35.0, 10370611.0)	(36.0, 17288122.0)	(37.0, 437795.0)
SRR36750784_1_paired	(13.0, 5.0)	(14.0, 113.0)	(15.0, 590.0)	(16.0, 1306.0)	(17.0, 2061.0)	(18.0, 3117.0)	(19.0, 4746.0)	(20.0, 7799.0)	(21.0, 13482.0)	(22.0, 22142.0)	(23.0, 33098.0)	(24.0, 47161.0)	(25.0, 63422.0)	(26.0, 86211.0)	(27.0, 120867.0)	(28.0, 167223.0)	(29.0, 228340.0)	(30.0, 300436.0)	(31.0, 388518.0)	(32.0, 500013.0)	(33.0, 677082.0)	(34.0, 1065889.0)	(35.0, 2394122.0)	(36.0, 25842830.0)	(37.0, 4937577.0)		
SRR36750784_2_paired	(11.0, 46.0)	(12.0, 3067.0)	(13.0, 14843.0)	(14.0, 23849.0)	(15.0, 25607.0)	(16.0, 25480.0)	(17.0, 25743.0)	(18.0, 29021.0)	(19.0, 36852.0)	(20.0, 53014.0)	(21.0, 76222.0)	(22.0, 98715.0)	(23.0, 113936.0)	(24.0, 125217.0)	(25.0, 137798.0)	(26.0, 154947.0)	(27.0, 180762.0)	(28.0, 215555.0)	(29.0, 264535.0)	(30.0, 332612.0)	(31.0, 439022.0)	(32.0, 618777.0)	(33.0, 975204.0)	(34.0, 1968396.0)	(35.0, 6423140.0)	(36.0, 23545711.0)	(37.0, 1000079.0)
