Sample	0	1	2	3	4	5	6	7	8	9	10	11	12	13	14	15	16	17	18	19	20	21	22	23	24	25	26	27	28	29	30	31	32	33	34	35	36	37	38	39	40	41	42	43	44	45	46	47	48	49	50	51	52	53	54	55	56	57	58	59	60	61	62	63	64	65	66	67	68	69	70	71	72	73	74	75	76	77	78	79	80	81	82	83	84	85	86	87	88	89	90	91	92	93	94	95	96	97	98	99	100
SRR36750771_1_paired	(0.0, 0.00017265166489156602)	(1.0, 0.0001402794777243974)	(2.0, 0.00014182101044664356)	(3.0, 0.00018652545939178117)	(4.0, 0.00020194078661424245)	(5.0, 0.0002605190300595952)	(6.0, 0.0003206388062271941)	(7.0, 0.0003530109933943627)	(8.0, 0.0003638017224500856)	(9.0, 0.00041313076956196157)	(10.0, 0.0004701674802850682)	(11.0, 0.0005749917053978048)	(12.0, 0.0008000554828457391)	(13.0, 0.0010235777275714273)	(14.0, 0.0016802706672482768)	(15.0, 0.003104646902603696)	(16.0, 0.010044627218155753)	(17.0, 0.0221209945642319)	(18.0, 0.03381660332791325)	(19.0, 0.05560770988958448)	(20.0, 0.07998396682646246)	(21.0, 0.10623626908631398)	(22.0, 0.1404459632584)	(23.0, 0.1902359286542276)	(24.0, 0.23954339430799215)	(25.0, 0.2745454362993127)	(26.0, 0.34415026330689197)	(27.0, 0.4373821623483377)	(28.0, 0.5288382156937558)	(29.0, 0.6289761813308641)	(30.0, 0.7344278102615548)	(31.0, 0.8584055794481994)	(32.0, 0.9916448772300989)	(33.0, 1.1093794388916465)	(34.0, 1.209881206251205)	(35.0, 1.3729368299467888)	(36.0, 1.5450797890400139)	(37.0, 1.6730146727246642)	(38.0, 1.8017496118921603)	(39.0, 1.955357181533098)	(40.0, 2.0818969781041154)	(41.0, 2.2221934126884575)	(42.0, 2.44556767027281)	(43.0, 2.6348046857230223)	(44.0, 2.7501113333470326)	(45.0, 2.8724519947826517)	(46.0, 2.9315266117645677)	(47.0, 2.9139685540581843)	(48.0, 2.9784632000915177)	(49.0, 3.0674481764831754)	(50.0, 3.1706923305556094)	(51.0, 3.2092923099206527)	(52.0, 3.19743792328658)	(53.0, 3.2175210115920025)	(54.0, 3.1515279957526454)	(55.0, 3.1017519041513184)	(56.0, 3.0179511023045746)	(57.0, 2.8625676869676093)	(58.0, 2.832023757609025)	(59.0, 2.836508076298039)	(60.0, 2.7706537984036843)	(61.0, 2.636870339570832)	(62.0, 2.458994420283574)	(63.0, 2.33111194871148)	(64.0, 2.212304480275249)	(65.0, 2.0171171485171664)	(66.0, 1.8204468622802834)	(67.0, 1.700948787184486)	(68.0, 1.5191404179227783)	(69.0, 1.2591193029324685)	(70.0, 1.0119175740603576)	(71.0, 0.7844058426494963)	(72.0, 0.6477381760933216)	(73.0, 0.5544492403411528)	(74.0, 0.4622147129710005)	(75.0, 0.38083565903090527)	(76.0, 0.31216808391845163)	(77.0, 0.27091512673842305)	(78.0, 0.22975774458717374)	(79.0, 0.18976421964122028)	(80.0, 0.15765409303683348)	(81.0, 0.11892308339039959)	(82.0, 0.08897264412987962)	(83.0, 0.06765941271210468)	(84.0, 0.0481019870649681)	(85.0, 0.032364479503557406)	(86.0, 0.02151979680255591)	(87.0, 0.014105024408552047)	(88.0, 0.008278030718461693)	(89.0, 0.005984230027759459)	(90.0, 0.004132849228341862)	(91.0, 0.0026761008058192736)	(92.0, 0.001988577211697502)	(93.0, 0.0016093601620249549)	(94.0, 0.0013010536175757299)	(95.0, 0.0015554065167463407)	(96.0, 0.001353465730132098)	(97.0, 0.0006258622852319269)	(98.0, 0.0003992569750617464)	(99.0, 0.00014798714133562805)	(100.0, 5.3953645278614386e-05)
SRR36750771_2_paired	(0.0, 0.001910341707357871)	(1.0, 0.002691143729912865)	(2.0, 0.00580046403712297)	(3.0, 0.00989890311203614)	(4.0, 0.012806079022102563)	(5.0, 0.014518905593320038)	(6.0, 0.01563764366911524)	(7.0, 0.01624407686054629)	(8.0, 0.016606702305804043)	(9.0, 0.01708968853714735)	(10.0, 0.017430710764389748)	(11.0, 0.017510951288446784)	(12.0, 0.01770383716358389)	(13.0, 0.018245460700968875)	(14.0, 0.019217605511659873)	(15.0, 0.021293057528135106)	(16.0, 0.029891138298246623)	(17.0, 0.04427579532247123)	(18.0, 0.05803550211125163)	(19.0, 0.0817296030130934)	(20.0, 0.1055132029609988)	(21.0, 0.1297226949212069)	(22.0, 0.16184050776203623)	(23.0, 0.208929350687507)	(24.0, 0.259241702358269)	(25.0, 0.2979083764317533)	(26.0, 0.3652502362466199)	(27.0, 0.4562692230063161)	(28.0, 0.5474672078581397)	(29.0, 0.64345802093537)	(30.0, 0.7451135063936267)	(31.0, 0.8672025499204076)	(32.0, 0.9983448848826235)	(33.0, 1.1132601169413054)	(34.0, 1.215966444647309)	(35.0, 1.3757824222639061)	(36.0, 1.5405424506320176)	(37.0, 1.6680292124886351)	(38.0, 1.7974247729656094)	(39.0, 1.9472446329891016)	(40.0, 2.0763439207618655)	(41.0, 2.2118130716751567)	(42.0, 2.4243393581622206)	(43.0, 2.6180816465849324)	(44.0, 2.7320262769199246)	(45.0, 2.8469199057605907)	(46.0, 2.9045233435115354)	(47.0, 2.8935998306307704)	(48.0, 2.9575823900442497)	(49.0, 3.0424984677146076)	(50.0, 3.1390509644602376)	(51.0, 3.1735050110207275)	(52.0, 3.1639795349629565)	(53.0, 3.1810707665871054)	(54.0, 3.117115982739646)	(55.0, 3.0695981616278702)	(56.0, 2.990960904964975)	(57.0, 2.836727816118346)	(58.0, 2.797602845205536)	(59.0, 2.8004807024625817)	(60.0, 2.7336156565310543)	(61.0, 2.60208292055756)	(62.0, 2.4350977607338677)	(63.0, 2.306515407106471)	(64.0, 2.180246140893719)	(65.0, 1.9895622509071806)	(66.0, 1.7978892421529398)	(67.0, 1.675170619129711)	(68.0, 1.495754350425182)	(69.0, 1.243123232779612)	(70.0, 1.001540618061895)	(71.0, 0.7773501369335405)	(72.0, 0.6414766972259617)	(73.0, 0.5501830409800701)	(74.0, 0.45900203008525864)	(75.0, 0.3771474370250764)	(76.0, 0.3086374603503795)	(77.0, 0.2687640922420375)	(78.0, 0.23087204784310386)	(79.0, 0.19251399116983894)	(80.0, 0.15980054674658623)	(81.0, 0.12140236981129279)	(82.0, 0.09239542036467467)	(83.0, 0.07181989829204959)	(84.0, 0.05274888604549391)	(85.0, 0.03752170351867042)	(86.0, 0.027673722277670485)	(87.0, 0.020427385720519785)	(88.0, 0.01500960725966883)	(89.0, 0.01354984695663123)	(90.0, 0.01221353361368138)	(91.0, 0.01076920418065475)	(92.0, 0.010425095779410158)	(93.0, 0.01106547688486534)	(94.0, 0.011980527476515759)	(95.0, 0.013031369724262698)	(96.0, 0.014083755059010732)	(97.0, 0.015420068401960585)	(98.0, 0.01826089157097984)	(99.0, 0.025649192132231446)	(100.0, 0.11733633556340267)
SRR36750772_1_paired	(0.0, 0.0014288064992104014)	(1.0, 0.0011490702870155939)	(2.0, 0.0007746541260779286)	(3.0, 0.0006928850794363693)	(4.0, 0.0006778223603181875)	(5.0, 0.0006283305689298754)	(6.0, 0.0006003569477103946)	(7.0, 0.0005809905945584464)	(8.0, 0.0006089642157779271)	(9.0, 0.0006498487390987067)	(10.0, 0.0006670632752337717)	(11.0, 0.0007617432239766297)	(12.0, 0.001052238521255853)	(13.0, 0.0013771628908052062)	(14.0, 0.0017709454048948198)	(15.0, 0.0025821804202597618)	(16.0, 0.004092755966111723)	(17.0, 0.006715820909692263)	(18.0, 0.010929078628749441)	(19.0, 0.0171220080033391)	(20.0, 0.028087667521375558)	(21.0, 0.04662772293884065)	(22.0, 0.07233763265656035)	(23.0, 0.1099556977457113)	(24.0, 0.1590644657050182)	(25.0, 0.2199113954914226)	(26.0, 0.29860119198182195)	(27.0, 0.3905375740281539)	(28.0, 0.4883979083219651)	(29.0, 0.5907856656192984)	(30.0, 0.6977654004306604)	(31.0, 0.8238640294370289)	(32.0, 0.9564030467749287)	(33.0, 1.0834872079750297)	(34.0, 1.2016133549338464)	(35.0, 1.34343531088258)	(36.0, 1.4979293172437385)	(37.0, 1.682727362653662)	(38.0, 1.8371826363085166)	(39.0, 1.999397362126252)	(40.0, 2.141337668010914)	(41.0, 2.252164851648463)	(42.0, 2.526618353066822)	(43.0, 2.772284846433319)	(44.0, 2.942222443524648)	(45.0, 3.067094536831393)	(46.0, 3.045513963969072)	(47.0, 3.012616985414963)	(48.0, 3.070756929394128)	(49.0, 3.089206608496884)	(50.0, 3.0958449639939687)	(51.0, 3.126045715825924)	(52.0, 3.0354886484874135)	(53.0, 2.946758473796238)	(54.0, 2.9265055720333333)	(55.0, 2.915707754242614)	(56.0, 2.8729511501171463)	(57.0, 2.7852559994110906)	(58.0, 2.768078044165313)	(59.0, 2.7833279713639634)	(60.0, 2.7347743721950124)	(61.0, 2.6418782797591507)	(62.0, 2.52735857812063)	(63.0, 2.4229287464742746)	(64.0, 2.305009173949079)	(65.0, 2.1293369845077565)	(66.0, 1.928979150248751)	(67.0, 1.7420099214687925)	(68.0, 1.5430507682707608)	(69.0, 1.341371718363389)	(70.0, 1.1236702389483055)	(71.0, 0.892909382057758)	(72.0, 0.7358418025444075)	(73.0, 0.6135389787558206)	(74.0, 0.5071617527091861)	(75.0, 0.4164024145710892)	(76.0, 0.33567484736570147)	(77.0, 0.2848209558057024)	(78.0, 0.2388194116187747)	(79.0, 0.19652759996895358)	(80.0, 0.1597530471504208)	(81.0, 0.12162284961125167)	(82.0, 0.0925023099217722)	(83.0, 0.06740351623684732)	(84.0, 0.04485032208289518)	(85.0, 0.029537992190754793)	(86.0, 0.019841904712679388)	(87.0, 0.013173423777358551)	(88.0, 0.00825006644272994)	(89.0, 0.005988506757985765)	(90.0, 0.004232624072209126)	(91.0, 0.002556358616057164)	(92.0, 0.002031315263937679)	(93.0, 0.0018182853792662488)	(94.0, 0.0014632355714805317)	(95.0, 0.001783856306996119)	(96.0, 0.0014933610097168956)	(97.0, 0.0004733997437142897)	(98.0, 0.0002646734930766256)	(99.0, 0.00010113539979350734)	(100.0, 3.6580889287013296e-05)
SRR36750772_2_paired	(0.0, 0.0035495270266006247)	(1.0, 0.004180601916645518)	(2.0, 0.007904589919674935)	(3.0, 0.013388264561498475)	(4.0, 0.0174740975526765)	(5.0, 0.01992085890110994)	(6.0, 0.021443623226235328)	(7.0, 0.022761772825919544)	(8.0, 0.02358669324532976)	(9.0, 0.024006691892287966)	(10.0, 0.024441767413752362)	(11.0, 0.02494145811167187)	(12.0, 0.02509653453516413)	(13.0, 0.025150380515543386)	(14.0, 0.02600545468396599)	(15.0, 0.027278373660131625)	(16.0, 0.028695599863713672)	(17.0, 0.0313318990630821)	(18.0, 0.03531650161114712)	(19.0, 0.04156048149592577)	(20.0, 0.05311798272452949)	(21.0, 0.07146438515934997)	(22.0, 0.09607845971031595)	(23.0, 0.13386756874047856)	(24.0, 0.1837569464814678)	(25.0, 0.24350229247107627)	(26.0, 0.32147988741710115)	(27.0, 0.4107823689564914)	(28.0, 0.5073454424902206)	(29.0, 0.6096355744970877)	(30.0, 0.7145275442758804)	(31.0, 0.8381945304933126)	(32.0, 0.968620264167949)	(33.0, 1.0882186481079243)	(34.0, 1.2041856591311229)	(35.0, 1.3502504193471105)	(36.0, 1.500963164589436)	(37.0, 1.6818813509853092)	(38.0, 1.8357774705876562)	(39.0, 1.9907871250642462)	(40.0, 2.1301254454112573)	(41.0, 2.2487093710808876)	(42.0, 2.515580819036561)	(43.0, 2.75164805853687)	(44.0, 2.922051201884282)	(45.0, 3.040835434600923)	(46.0, 3.0103478405101876)	(47.0, 2.9761556429693594)	(48.0, 3.0382615967387947)	(49.0, 3.0689193441275284)	(50.0, 3.0726756397187853)	(51.0, 3.0899709686166026)	(52.0, 3.0041857065155853)	(53.0, 2.9129663080746937)	(54.0, 2.88856977128446)	(55.0, 2.8834479416307848)	(56.0, 2.8356908647128143)	(57.0, 2.7437003918328915)	(58.0, 2.731255508847638)	(59.0, 2.748979451749274)	(60.0, 2.6998137639845816)	(61.0, 2.605507913948351)	(62.0, 2.4919532028461435)	(63.0, 2.387343386004538)	(64.0, 2.26531116375142)	(65.0, 2.086182817743353)	(66.0, 1.8913465223390495)	(67.0, 1.7099243375668265)	(68.0, 1.5156049635741635)	(69.0, 1.3218305109029387)	(70.0, 1.10859181324422)	(71.0, 0.8849802259252413)	(72.0, 0.7305887233034053)	(73.0, 0.6053451267804685)	(74.0, 0.5014740767896665)	(75.0, 0.4144525109791415)	(76.0, 0.3331343114103875)	(77.0, 0.28112340204245556)	(78.0, 0.23616846994342142)	(79.0, 0.19616090652163345)	(80.0, 0.1625567070865467)	(81.0, 0.12548267267582064)	(82.0, 0.09590184489467198)	(83.0, 0.07131577025350322)	(84.0, 0.05007030023506356)	(85.0, 0.03559219303068891)	(86.0, 0.026459914758366915)	(87.0, 0.020028550861868454)	(88.0, 0.015141489682647082)	(89.0, 0.013784570977089806)	(90.0, 0.012927342969452034)	(91.0, 0.011630731761919524)	(92.0, 0.01167380854622293)	(93.0, 0.011994730589283301)	(94.0, 0.012235960581382372)	(95.0, 0.01319657287134832)	(96.0, 0.013898724455493831)	(97.0, 0.014370415243616121)	(98.0, 0.016629792580329747)	(99.0, 0.02290392621412078)	(100.0, 0.10881626482883301)
SRR36750775_1_paired	(0.0, 0.00023453236191935792)	(1.0, 0.00018876994983753199)	(2.0, 0.00015730829153127668)	(3.0, 0.00018018949757218962)	(4.0, 0.00018304964832730375)	(5.0, 0.0001930601759702032)	(6.0, 0.0002030707036131026)	(7.0, 0.0002288120604091297)	(8.0, 0.0003189068091952245)	(9.0, 0.00038326020118529223)	(10.0, 0.0004390331409100176)	(11.0, 0.0005391384173390119)	(12.0, 0.0007007369350029597)	(13.0, 0.0009538602768305595)	(14.0, 0.0015230302770982695)	(15.0, 0.0025870063580007226)	(16.0, 0.004789322439438595)	(17.0, 0.007828232616747349)	(18.0, 0.01306802880011642)	(19.0, 0.023906570086621382)	(20.0, 0.03971462331013713)	(21.0, 0.06165769990337267)	(22.0, 0.09238286939018611)	(23.0, 0.13309568531385807)	(24.0, 0.18343719875462172)	(25.0, 0.2461960566987133)	(26.0, 0.32042697932156766)	(27.0, 0.402816481973385)	(28.0, 0.4992836466418741)	(29.0, 0.6004228675688421)	(30.0, 0.6970945330163218)	(31.0, 0.8071545641484908)	(32.0, 0.9292629803365781)	(33.0, 1.0463103597634906)	(34.0, 1.1454689262925422)	(35.0, 1.2819867819848942)	(36.0, 1.4350835015292653)	(37.0, 1.5964446266805388)	(38.0, 1.73701388591751)	(39.0, 1.8972781432541972)	(40.0, 2.0375213453050853)	(41.0, 2.1614130654889863)	(42.0, 2.4313941358672286)	(43.0, 2.663741342609679)	(44.0, 2.8050141989324087)	(45.0, 2.95541236623933)	(46.0, 2.98894334361691)	(47.0, 2.9888060563806644)	(48.0, 3.0654695372207432)	(49.0, 3.1429853429858463)	(50.0, 3.1951716536636585)	(51.0, 3.175051923176808)	(52.0, 3.110135081487983)	(53.0, 3.035905588940506)	(54.0, 2.9878021434656192)	(55.0, 3.000983148220563)	(56.0, 3.0435350410797732)	(57.0, 2.97077852617118)	(58.0, 2.9314943555496877)	(59.0, 2.9917477214322994)	(60.0, 2.9596897216936027)	(61.0, 2.866052676197299)	(62.0, 2.7603000321023323)	(63.0, 2.629119217719023)	(64.0, 2.4038680450000105)	(65.0, 2.1351511612555285)	(66.0, 1.945759128628759)	(67.0, 1.7781185424946326)	(68.0, 1.5358280216520277)	(69.0, 1.264188063835819)	(70.0, 1.0153163361056965)	(71.0, 0.8048592931675117)	(72.0, 0.6506242336226052)	(73.0, 0.5237851280855592)	(74.0, 0.42365983060127915)	(75.0, 0.3393811983757089)	(76.0, 0.26139918803752243)	(77.0, 0.21321994856762505)	(78.0, 0.1730734424934657)	(79.0, 0.13653072637075012)	(80.0, 0.10216887519880907)	(81.0, 0.06850490081111588)	(82.0, 0.044538267558637094)	(83.0, 0.026626573454734914)	(84.0, 0.014237830458958095)	(85.0, 0.0076723544005936305)	(86.0, 0.004630584072529762)	(87.0, 0.003310624499044595)	(88.0, 0.0025626950765822525)	(89.0, 0.0019978153024472135)	(90.0, 0.0016746182671193179)	(91.0, 0.0014029039453834764)	(92.0, 0.0011612212065763331)	(93.0, 0.001086857286943366)	(94.0, 0.0009996226889123854)	(95.0, 0.0011998332417703739)	(96.0, 0.0009510001260754452)	(97.0, 0.0003703895227872787)	(98.0, 0.00030603613079721093)	(99.0, 0.00018161957294974667)	(100.0, 4.7192487459382997e-05)
SRR36750775_2_paired	(0.0, 0.0022269790902693094)	(1.0, 0.0028982215024391717)	(2.0, 0.006825490540806128)	(3.0, 0.01221403570460044)	(4.0, 0.015501549181688232)	(5.0, 0.01743799051146611)	(6.0, 0.018620178640362285)	(7.0, 0.018990864748575493)	(8.0, 0.019152592664514072)	(9.0, 0.01948177337837136)	(10.0, 0.019687869129655925)	(11.0, 0.01981811019470381)	(12.0, 0.020074298663314484)	(13.0, 0.020400616936181705)	(14.0, 0.02111336474270749)	(15.0, 0.02226835968219806)	(16.0, 0.024302124005638092)	(17.0, 0.027362073424015844)	(18.0, 0.03231123389583543)	(19.0, 0.04342752348074656)	(20.0, 0.05982644791281967)	(21.0, 0.08097273072691288)	(22.0, 0.1111829329360418)	(23.0, 0.15235055925513333)	(24.0, 0.2025033878420338)	(25.0, 0.2644680791744308)	(26.0, 0.33657010527313724)	(27.0, 0.4173467587922308)	(28.0, 0.5139541422068699)	(29.0, 0.6157067633011479)	(30.0, 0.7126733830600399)	(31.0, 0.8217667340733354)	(32.0, 0.9402846720464146)	(33.0, 1.0530004421326353)	(34.0, 1.1524258987019917)	(35.0, 1.2846992968528206)	(36.0, 1.4353023358835202)	(37.0, 1.6030843145160851)	(38.0, 1.7453547878247104)	(39.0, 1.8931755342130683)	(40.0, 2.0307601916209594)	(41.0, 2.1560821518274196)	(42.0, 2.418201598169503)	(43.0, 2.652641240137674)	(44.0, 2.7890823523700354)	(45.0, 2.9274885303420746)	(46.0, 2.9611279368572996)	(47.0, 2.9638873299717208)	(48.0, 3.04221373400332)	(49.0, 3.1247493575108076)	(50.0, 3.178557523242019)	(51.0, 3.14855484800467)	(52.0, 3.078280490478119)	(53.0, 3.00493473376923)	(54.0, 2.9553400811753914)	(55.0, 2.97086166744401)	(56.0, 3.01241286085577)	(57.0, 2.9417420552520954)	(58.0, 2.901440317332498)	(59.0, 2.9579778205477347)	(60.0, 2.9261116962258544)	(61.0, 2.8320890970252424)	(62.0, 2.7261043569271557)	(63.0, 2.5920619702444676)	(64.0, 2.3668408194847963)	(65.0, 2.1059422042249745)	(66.0, 1.9194269805329396)	(67.0, 1.7536487105934189)	(68.0, 1.5188541259424801)	(69.0, 1.248991776722275)	(70.0, 1.0002571044497275)	(71.0, 0.79171682855965)	(72.0, 0.640867619603805)	(73.0, 0.5174763758451428)	(74.0, 0.41774606931034464)	(75.0, 0.336557224288682)	(76.0, 0.26138523022813254)	(77.0, 0.21229293602805055)	(78.0, 0.17279840646765104)	(79.0, 0.13739287386155713)	(80.0, 0.10474959681087434)	(81.0, 0.07320263465938584)	(82.0, 0.049414318811464124)	(83.0, 0.031037447655257223)	(84.0, 0.0188964041959034)	(85.0, 0.012892434219245462)	(86.0, 0.00999564393730132)	(87.0, 0.008925091007017617)	(88.0, 0.008417007731281368)	(89.0, 0.008137919734750188)	(90.0, 0.00811502020682968)	(91.0, 0.00809641434039427)	(92.0, 0.008305372532668897)	(93.0, 0.00859591029316033)	(94.0, 0.008856392423256096)	(95.0, 0.009736593027700587)	(96.0, 0.010619656073135138)	(97.0, 0.01160290455322191)	(98.0, 0.013831314863986251)	(99.0, 0.018716070413529406)	(100.0, 0.0921920681874663)
SRR36750776_1_paired	(0.0, 0.0008010016163749946)	(1.0, 0.0005870156249968372)	(2.0, 0.0003513418642222449)	(3.0, 0.000342666756463671)	(4.0, 0.0003354374999981927)	(5.0, 0.00030218292025699253)	(6.0, 0.0003123038793086621)	(7.0, 0.000342666756463671)	(8.0, 0.00038893399784273205)	(9.0, 0.00045544315732513234)	(10.0, 0.0005219523168075326)	(11.0, 0.0006824418103411507)	(12.0, 0.0009195614224088385)	(13.0, 0.001273794989217275)	(14.0, 0.0017393591055940767)	(15.0, 0.00253746901938288)	(16.0, 0.004256586206873618)	(17.0, 0.006990691002117506)	(18.0, 0.011235710398646358)	(19.0, 0.019224038792999873)	(20.0, 0.031132070042935712)	(21.0, 0.0488827863682711)	(22.0, 0.07310657893279576)	(23.0, 0.10547918938520755)	(24.0, 0.14579675269318)	(25.0, 0.19396095096878252)	(26.0, 0.2547199598585414)	(27.0, 0.32028064089267094)	(28.0, 0.39540996578450754)	(29.0, 0.47776276373664994)	(30.0, 0.5559283763439875)	(31.0, 0.6436568494038596)	(32.0, 0.7373407839399927)	(33.0, 0.8244446492412476)	(34.0, 0.9129090606093053)	(35.0, 1.0348521586689932)	(36.0, 1.1601539692825422)	(37.0, 1.2820536918034373)	(38.0, 1.3823726379235863)	(39.0, 1.4749664005847254)	(40.0, 1.6241637955192665)	(41.0, 1.815101471434186)	(42.0, 2.079900460656897)	(43.0, 2.3370870428214596)	(44.0, 2.5239633224540734)	(45.0, 2.642129856936195)	(46.0, 2.640274829727154)	(47.0, 2.6584101424964524)	(48.0, 2.8642126155556884)	(49.0, 3.0381861182487166)	(50.0, 3.0872930115674175)	(51.0, 3.089474801168699)	(52.0, 3.0711789989058667)	(53.0, 3.06229713441238)	(54.0, 3.0333309496065013)	(55.0, 3.0756278833347217)	(56.0, 3.1304415517072712)	(57.0, 3.0829106362980445)	(58.0, 3.1837500888837087)	(59.0, 3.3513589541845294)	(60.0, 3.404290124173468)	(61.0, 3.376022285542155)	(62.0, 3.2522892235816148)	(63.0, 3.1209307419012884)	(64.0, 2.8859379770857436)	(65.0, 2.5800421107080815)	(66.0, 2.4051765177672135)	(67.0, 2.219527765882438)	(68.0, 1.8971983537074504)	(69.0, 1.5359697583430174)	(70.0, 1.1870280072673112)	(71.0, 0.9302722887880912)	(72.0, 0.7567643502114398)	(73.0, 0.6188243534449417)	(74.0, 0.5067434070554594)	(75.0, 0.41002173895253224)	(76.0, 0.3183836839961294)	(77.0, 0.2573673135761995)	(78.0, 0.21335560021436772)	(79.0, 0.17643144989129078)	(80.0, 0.14025191298415812)	(81.0, 0.10006881384644359)	(82.0, 0.07066164439617101)	(83.0, 0.0470855932109532)	(84.0, 0.029809116109753186)	(85.0, 0.01789963900852425)	(86.0, 0.011039074622785349)	(87.0, 0.00761240705814864)	(88.0, 0.0050633712284209945)	(89.0, 0.0038430727370482596)	(90.0, 0.0029683327047253863)	(91.0, 0.002254082165936131)	(92.0, 0.0018116516702488597)	(93.0, 0.001606340786629276)	(94.0, 0.0016020032327499893)	(95.0, 0.0016410412176635718)	(96.0, 0.0011725853987005787)	(97.0, 0.0005060479525834803)	(98.0, 0.00035712526939462756)	(99.0, 0.0002009733297402965)	(100.0, 6.361745689620896e-05)
SRR36750776_2_paired	(0.0, 0.002506809925739953)	(1.0, 0.002987330073168166)	(2.0, 0.005272695473135479)	(3.0, 0.00851041706890931)	(4.0, 0.011195251025172366)	(5.0, 0.013027595924702838)	(6.0, 0.014336000181555564)	(7.0, 0.015081385350005954)	(8.0, 0.015379539417386111)	(9.0, 0.015987426350879633)	(10.0, 0.016333342963034278)	(11.0, 0.016674917525663975)	(12.0, 0.01759398467511251)	(13.0, 0.018403053236595558)	(14.0, 0.019003703420880824)	(15.0, 0.019898165623021293)	(16.0, 0.021831825011467354)	(17.0, 0.024919022223709456)	(18.0, 0.02959540956208462)	(19.0, 0.0378424089598134)	(20.0, 0.050144882613848966)	(21.0, 0.06835688567134657)	(22.0, 0.09275486195206158)	(23.0, 0.12551562561783747)	(24.0, 0.16608194697963852)	(25.0, 0.21417014546850108)	(26.0, 0.2734145165368114)	(27.0, 0.3377101385524846)	(28.0, 0.4133746935743283)	(29.0, 0.4933870875204923)	(30.0, 0.5715975309138005)	(31.0, 0.6617746627978812)	(32.0, 0.7541488717415885)	(33.0, 0.8370907017672546)	(34.0, 0.9234960399639922)	(35.0, 1.0434133163943227)	(36.0, 1.1700101123438735)	(37.0, 1.2938091810495127)	(38.0, 1.391608057199729)	(39.0, 1.483546613841099)	(40.0, 1.6308303810773712)	(41.0, 1.81205016005084)	(42.0, 2.067579774594367)	(43.0, 2.323142678184252)	(44.0, 2.5071196586060664)	(45.0, 2.624828279178037)	(46.0, 2.6273307470542524)	(47.0, 2.6493377013965596)	(48.0, 2.846291620498619)	(49.0, 3.012341725781741)	(50.0, 3.0634693589380713)	(51.0, 3.0629931808401683)	(52.0, 3.0436305346585577)	(53.0, 3.037922186883085)	(54.0, 3.0091401879320085)	(55.0, 3.046774178514624)	(56.0, 3.0968524830357573)	(57.0, 3.0515663538403315)	(58.0, 3.1399748242179144)	(59.0, 3.3002789506296812)	(60.0, 3.3576229513559035)	(61.0, 3.3229227389023146)	(62.0, 3.20010931543884)	(63.0, 3.0668879992640514)	(64.0, 2.840386433144682)	(65.0, 2.546461522001831)	(66.0, 2.3626784864587975)	(67.0, 2.1753682593516603)	(68.0, 1.8679931261303442)	(69.0, 1.519076157753954)	(70.0, 1.1752741237179594)	(71.0, 0.922828811686991)	(72.0, 0.7484303925172244)	(73.0, 0.6094182296259891)	(74.0, 0.5002706833673857)	(75.0, 0.40576887015645097)	(76.0, 0.3168306697368237)	(77.0, 0.2574039325884654)	(78.0, 0.21332923521050168)	(79.0, 0.17733509199847694)	(80.0, 0.14386078486076698)	(81.0, 0.10560732854592461)	(82.0, 0.07680940874658983)	(83.0, 0.05275590172818781)	(84.0, 0.03610558914983191)	(85.0, 0.02539230562192941)	(86.0, 0.01839436913754565)	(87.0, 0.014706521741018283)	(88.0, 0.012622337969040491)	(89.0, 0.011751033364366443)	(90.0, 0.011224198022005392)	(91.0, 0.011251697668996766)	(92.0, 0.011429721699519868)	(93.0, 0.011871163401223498)	(94.0, 0.012837993095446526)	(95.0, 0.013788901941411393)	(96.0, 0.014616786050835906)	(97.0, 0.016059793842962196)	(98.0, 0.019330804485094003)	(99.0, 0.027117546633177694)	(100.0, 0.1208276594807291)
SRR36750778_1_paired	(0.0, 0.0002802110883652121)	(1.0, 0.0002172423044629173)	(2.0, 0.00016529305774352402)	(3.0, 0.00019205479090199934)	(4.0, 0.00020150010848734356)	(5.0, 0.00019520323009711407)	(6.0, 0.00019835166929222883)	(7.0, 0.00021881652406047466)	(8.0, 0.0002581720139994089)	(9.0, 0.00029910172353590065)	(10.0, 0.00032114079790170383)	(11.0, 0.00040929709536491663)	(12.0, 0.0005966292274742439)	(13.0, 0.00076664494401044)	(14.0, 0.0010909341811072585)	(15.0, 0.0017473837532886824)	(16.0, 0.003098064167992907)	(17.0, 0.00539642478042667)	(18.0, 0.009383923021039492)	(19.0, 0.017103895927460845)	(20.0, 0.03117584491002619)	(21.0, 0.051034625133212434)	(22.0, 0.08068505125320552)	(23.0, 0.12555975510117598)	(24.0, 0.18174365253799857)	(25.0, 0.2529156947631649)	(26.0, 0.3392175615404551)	(27.0, 0.4326286040203144)	(28.0, 0.5398738883235079)	(29.0, 0.6561803806302416)	(30.0, 0.7728143106132673)	(31.0, 0.9100138454187825)	(32.0, 1.062963447297859)	(33.0, 1.208852674281891)	(34.0, 1.3227443137259718)	(35.0, 1.4746612275490507)	(36.0, 1.6713316303110883)	(37.0, 1.878404476173785)	(38.0, 2.070574185106406)	(39.0, 2.272697684554382)	(40.0, 2.4204948656906535)	(41.0, 2.5218494202597874)	(42.0, 2.7688098422853926)	(43.0, 3.023254104277786)	(44.0, 3.1226235679344)	(45.0, 3.2161778643976366)	(46.0, 3.2187044868517165)	(47.0, 3.1637642228969645)	(48.0, 3.236869406787931)	(49.0, 3.233535209680304)	(50.0, 3.2082280554299722)	(51.0, 3.2187218032672895)	(52.0, 3.153410580603829)	(53.0, 3.0583529044249254)	(54.0, 2.9672748553886454)	(55.0, 2.9160654918801043)	(56.0, 2.8591763440635765)	(57.0, 2.7282201641819737)	(58.0, 2.6455878032865896)	(59.0, 2.603338897727345)	(60.0, 2.497730801805611)	(61.0, 2.380231051043929)	(62.0, 2.2507247274116766)	(63.0, 2.1018067019219444)	(64.0, 1.94460198447067)	(65.0, 1.7623136519519165)	(66.0, 1.584571665630909)	(67.0, 1.4359920973546514)	(68.0, 1.2591033380555199)	(69.0, 1.0769425173241687)	(70.0, 0.8958191073076077)	(71.0, 0.7186155040889646)	(72.0, 0.59474331239637)	(73.0, 0.4917484210065815)	(74.0, 0.4139378947385157)	(75.0, 0.34494299821677127)	(76.0, 0.28208283546670787)	(77.0, 0.24408747126006314)	(78.0, 0.21400728318993686)	(79.0, 0.1870109913114255)	(80.0, 0.15999266035854834)	(81.0, 0.12456484831551971)	(82.0, 0.09589988366359752)	(83.0, 0.07450623933279284)	(84.0, 0.05754087472991705)	(85.0, 0.042521245549622166)	(86.0, 0.031763028819915086)	(87.0, 0.022881281850496395)	(88.0, 0.014519027348271638)	(89.0, 0.010285950850439866)	(90.0, 0.007008425648325418)	(91.0, 0.004211037423465969)	(92.0, 0.002685618633432876)	(93.0, 0.0020228721828612225)	(94.0, 0.0017111767025448628)	(95.0, 0.0018087783175934201)	(96.0, 0.0013884616850456017)	(97.0, 0.000508472930011031)	(98.0, 0.00027548842957254003)	(99.0, 0.00013380866579237657)	(100.0, 8.34336386705407e-05)
SRR36750778_2_paired	(0.0, 0.0026973418719959084)	(1.0, 0.003930997646395906)	(2.0, 0.007568942963240855)	(3.0, 0.012101800770327437)	(4.0, 0.015809070294162935)	(5.0, 0.01821651093692564)	(6.0, 0.019610872827531)	(7.0, 0.021028867970519505)	(8.0, 0.021898571658219117)	(9.0, 0.022076608826172118)	(10.0, 0.022067155525218863)	(11.0, 0.022114422029985148)	(12.0, 0.022312941350003536)	(13.0, 0.02263277803225539)	(14.0, 0.023343351153908516)	(15.0, 0.024455689566075054)	(16.0, 0.026477120419913108)	(17.0, 0.02919336889381553)	(18.0, 0.03417840959649956)	(19.0, 0.0426517183509353)	(20.0, 0.05705539790338074)	(21.0, 0.07885786100190842)	(22.0, 0.11003169644543123)	(23.0, 0.15398481922759819)	(24.0, 0.21018154229439145)	(25.0, 0.2810403351396858)	(26.0, 0.36654701781205146)	(27.0, 0.4597959539651343)	(28.0, 0.5633316571055192)	(29.0, 0.6756620812327507)	(30.0, 0.793896091805291)	(31.0, 0.927446025472266)	(32.0, 1.0761511761174705)	(33.0, 1.2217509173995298)	(34.0, 1.3421387050392537)	(35.0, 1.492142109015372)	(36.0, 1.6777277377795485)	(37.0, 1.8844525230253657)	(38.0, 2.0795686547005836)	(39.0, 2.276181559026734)	(40.0, 2.417390242016006)	(41.0, 2.521727900187259)	(42.0, 2.7559444601553054)	(43.0, 2.9983207943961716)	(44.0, 3.0997279292719147)	(45.0, 3.1765139418149015)	(46.0, 3.1800998939765033)	(47.0, 3.138519549733604)	(48.0, 3.203780412864411)	(49.0, 3.200580470491734)	(50.0, 3.173027249313308)	(51.0, 3.1657056677250113)	(52.0, 3.1001801121675125)	(53.0, 3.0200681132391387)	(54.0, 2.93300951366028)	(55.0, 2.8734584443052396)	(56.0, 2.809212235476748)	(57.0, 2.6865950443622144)	(58.0, 2.607173136403428)	(59.0, 2.5613104468287036)	(60.0, 2.460670604880333)	(61.0, 2.344757379691817)	(62.0, 2.214005623107006)	(63.0, 2.0650609888376525)	(64.0, 1.9039294740893924)	(65.0, 1.726571368254867)	(66.0, 1.55269207717114)	(67.0, 1.4029092502172644)	(68.0, 1.2339125890758946)	(69.0, 1.0566096274969299)	(70.0, 0.8794138033287688)	(71.0, 0.712082498705331)	(72.0, 0.5918680215830835)	(73.0, 0.4890791292180057)	(74.0, 0.41136196653112367)	(75.0, 0.3437929224175626)	(76.0, 0.28247093468394535)	(77.0, 0.2424677161500808)	(78.0, 0.21165153059262287)	(79.0, 0.18465132751996288)	(80.0, 0.15846725942960074)	(81.0, 0.12524048212906236)	(82.0, 0.09823712795608464)	(83.0, 0.0785096644167968)	(84.0, 0.061933301195261185)	(85.0, 0.04763360795330158)	(86.0, 0.03696870892786915)	(87.0, 0.027929777666396885)	(88.0, 0.020605044977781827)	(89.0, 0.017370440501609165)	(90.0, 0.014914157803921302)	(91.0, 0.01255871031640151)	(92.0, 0.011572415916945062)	(93.0, 0.011558235965515178)	(94.0, 0.012251478035420668)	(95.0, 0.01359699787110087)	(96.0, 0.014419435054034202)	(97.0, 0.015525471265565234)	(98.0, 0.01872226253792487)	(99.0, 0.02601863532368016)	(100.0, 0.1013519906201827)
SRR36750779_1_paired	(0.0, 0.0001592338938897178)	(1.0, 0.0001281638658136753)	(2.0, 8.932633071862217e-05)	(3.0, 0.00010097759124713811)	(4.0, 0.00011845448203991203)	(5.0, 0.00015340826362545982)	(6.0, 0.000186420168456255)	(7.0, 0.00017476890792773904)	(8.0, 0.00019224579872051292)	(9.0, 0.0002252577035513081)	(10.0, 0.0002640952386463612)	(11.0, 0.00034565406234597277)	(12.0, 0.0004466316535931109)	(13.0, 0.0006214005615208498)	(14.0, 0.0009126820747337483)	(15.0, 0.0014486400590454813)	(16.0, 0.0026273592491803436)	(17.0, 0.004551759113140225)	(18.0, 0.007984997215542921)	(19.0, 0.014760205212874938)	(20.0, 0.02630660439663423)	(21.0, 0.04327860723317244)	(22.0, 0.06835406176729349)	(23.0, 0.10634105484376495)	(24.0, 0.1557967720338056)	(25.0, 0.21569590241090603)	(26.0, 0.2856578381311347)	(27.0, 0.3618629076178932)	(28.0, 0.4536398868010132)	(29.0, 0.5541067644616514)	(30.0, 0.6537425188712553)	(31.0, 0.7770963559634083)	(32.0, 0.9223157253140762)	(33.0, 1.0460851240317461)	(34.0, 1.1442003889423789)	(35.0, 1.2988126161557856)	(36.0, 1.4836715157012192)	(37.0, 1.6762765616213613)	(38.0, 1.8461150444687835)	(39.0, 2.0121144369720594)	(40.0, 2.176360314765794)	(41.0, 2.3338115657946488)	(42.0, 2.6039324480110078)	(43.0, 2.8814169268813883)	(44.0, 3.0561295203832395)	(45.0, 3.1739373574638186)	(46.0, 3.1596140745207633)	(47.0, 3.1166811213499366)	(48.0, 3.207153159353863)	(49.0, 3.2863894984547906)	(50.0, 3.3093055860376266)	(51.0, 3.276652928406461)	(52.0, 3.197886523480183)	(53.0, 3.1307752628359315)	(54.0, 3.036662205916844)	(55.0, 2.9685994256627635)	(56.0, 2.9285948226381042)	(57.0, 2.7941528692763136)	(58.0, 2.7306146618608063)	(59.0, 2.7569154406271763)	(60.0, 2.7076597367428756)	(61.0, 2.599281653183375)	(62.0, 2.4721974708453422)	(63.0, 2.3539760140160007)	(64.0, 2.1924720661999766)	(65.0, 1.9898838318836511)	(66.0, 1.8078192929883063)	(67.0, 1.6262208045141022)	(68.0, 1.3904323033217705)	(69.0, 1.1521018854574676)	(70.0, 0.9469270713038115)	(71.0, 0.7646605772259724)	(72.0, 0.6333217429182765)	(73.0, 0.5281904772927224)	(74.0, 0.4419866843957425)	(75.0, 0.37083826197835995)	(76.0, 0.30561838929323726)	(77.0, 0.26233395642980056)	(78.0, 0.23222904110087014)	(79.0, 0.20776721962125094)	(80.0, 0.17633017683856017)	(81.0, 0.13696056751270483)	(82.0, 0.10653718439599498)	(83.0, 0.08199186221592139)	(84.0, 0.06257309466839484)	(85.0, 0.04663028651187553)	(86.0, 0.03434791603806498)	(87.0, 0.024793882404681913)	(88.0, 0.01587484247010296)	(89.0, 0.011000731815673797)	(90.0, 0.007487876766326241)	(91.0, 0.004501270317516657)	(92.0, 0.0030254439839046384)	(93.0, 0.002231216391210802)	(94.0, 0.0019205161104503769)	(95.0, 0.0022176232539275332)	(96.0, 0.001813712888938981)	(97.0, 0.0006913081246919455)	(98.0, 0.00037284033691251)	(99.0, 0.00015340826362545982)	(100.0, 7.767507019010623e-05)
SRR36750779_2_paired	(0.0, 0.00242915132390399)	(1.0, 0.003583484033023166)	(2.0, 0.007666401578240992)	(3.0, 0.012969724748588181)	(4.0, 0.016930213067081246)	(5.0, 0.019223331916846612)	(6.0, 0.02096260426476187)	(7.0, 0.022140256826590526)	(8.0, 0.022173293284595618)	(9.0, 0.022381228637921798)	(10.0, 0.022812645913047148)	(11.0, 0.02310608739297475)	(12.0, 0.023127463924625107)	(13.0, 0.023238233224995127)	(14.0, 0.02362884075787889)	(15.0, 0.02415936740701952)	(16.0, 0.02550414557993277)	(17.0, 0.027587385755312832)	(18.0, 0.03147402787355921)	(19.0, 0.03931921498923954)	(20.0, 0.051748696483391476)	(21.0, 0.0701849833712932)	(22.0, 0.09607001987881411)	(23.0, 0.13450308046509346)	(24.0, 0.18273436583147198)	(25.0, 0.24104371421046333)	(26.0, 0.31150853581427024)	(27.0, 0.3888274507936047)	(28.0, 0.4797690463973927)	(29.0, 0.5781049786311445)	(30.0, 0.6749950799969086)	(31.0, 0.7911706995534112)	(32.0, 0.9341991295048782)	(33.0, 1.0623125703275746)	(34.0, 1.1619000013234018)	(35.0, 1.309508839011222)	(36.0, 1.4863432821071958)	(37.0, 1.6843346615738441)	(38.0, 1.859132504199857)	(39.0, 2.015855517654965)	(40.0, 2.168163305663745)	(41.0, 2.3188503639092164)	(42.0, 2.5862960380289275)	(43.0, 2.862265118313953)	(44.0, 3.0320589092127235)	(45.0, 3.1420605977643916)	(46.0, 3.121179612984113)	(47.0, 3.086714814000563)	(48.0, 3.1807676666200075)	(49.0, 3.260978243335317)	(50.0, 3.2786644082943974)	(51.0, 3.2377438967524403)	(52.0, 3.1619718653361684)	(53.0, 3.0957745767781955)	(54.0, 3.006255492189686)	(55.0, 2.9408705118344267)	(56.0, 2.898063035544061)	(57.0, 2.764422789629218)	(58.0, 2.694680883459405)	(59.0, 2.717065998739445)	(60.0, 2.665464994656547)	(61.0, 2.5614156985089735)	(62.0, 2.44333562431453)	(63.0, 2.3176435615315008)	(64.0, 2.1530734176396535)	(65.0, 1.9471824380676697)	(66.0, 1.7626641035039228)	(67.0, 1.591311769115735)	(68.0, 1.3696934922122672)	(69.0, 1.1351249237708023)	(70.0, 0.9323063347932922)	(71.0, 0.7541834698351195)	(72.0, 0.6254637128419767)	(73.0, 0.5223413808396045)	(74.0, 0.43788853425222884)	(75.0, 0.3676918909545809)	(76.0, 0.30350399637174186)	(77.0, 0.25925263253444764)	(78.0, 0.22702653941100776)	(79.0, 0.20347737481655293)	(80.0, 0.17493970506332884)	(81.0, 0.1375463212436804)	(82.0, 0.10627051211815175)	(83.0, 0.08159227798834633)	(84.0, 0.06425979746202659)	(85.0, 0.05016877646232432)	(86.0, 0.03816099563800212)	(87.0, 0.028580422816524783)	(88.0, 0.020752725590376563)	(89.0, 0.0170098892305053)	(90.0, 0.014048267936401553)	(91.0, 0.011564703622842114)	(92.0, 0.010769885309660727)	(93.0, 0.01056972324057104)	(94.0, 0.010938954241804447)	(95.0, 0.011931991303016398)	(96.0, 0.012347862009668762)	(97.0, 0.012666566663364963)	(98.0, 0.014677903959557469)	(99.0, 0.020058959972269585)	(100.0, 0.08758548013468226)
SRR36750780_1_paired	(0.0, 0.0014870393197576673)	(1.0, 0.0011325706446991535)	(2.0, 0.0006778132713314018)	(3.0, 0.0005204637619151835)	(4.0, 0.0004461117959273002)	(5.0, 0.00040980037067740363)	(6.0, 0.0003976965622607715)	(7.0, 0.00041498771714167457)	(8.0, 0.0004184459481178552)	(9.0, 0.0004772358747129258)	(10.0, 0.0005360258013079964)	(11.0, 0.0006466891925457762)	(12.0, 0.0008299754342833491)	(13.0, 0.0009994287521161995)	(14.0, 0.0012760872302106493)	(15.0, 0.0019348802311730576)	(16.0, 0.0031746560361338104)	(17.0, 0.005099161574378327)	(18.0, 0.008393126579190368)	(19.0, 0.01424618250637607)	(20.0, 0.023768421499289413)	(21.0, 0.0378866494595468)	(22.0, 0.05935880559065227)	(23.0, 0.09482469336687264)	(24.0, 0.1419448195328217)	(25.0, 0.19991860361751362)	(26.0, 0.2738209995784935)	(27.0, 0.36200588947109935)	(28.0, 0.4683534084506058)	(29.0, 0.5804882769687505)	(30.0, 0.6914196811071844)	(31.0, 0.8262751271388359)	(32.0, 0.9771646610915489)	(33.0, 1.124824207312509)	(34.0, 1.2676024605105902)	(35.0, 1.4411693440896074)	(36.0, 1.6485231443059096)	(37.0, 1.8821283758623983)	(38.0, 2.081014697533522)	(39.0, 2.3236666613237)	(40.0, 2.498397239626202)	(41.0, 2.598661730318607)	(42.0, 2.882312751446894)	(43.0, 3.189699340880196)	(44.0, 3.3617688104465278)	(45.0, 3.4447162095257076)	(46.0, 3.403903896660312)	(47.0, 3.422260186681879)	(48.0, 3.5028508013507915)	(49.0, 3.4162774470930866)	(50.0, 3.3590471826682733)	(51.0, 3.346566427075237)	(52.0, 3.2388926765163655)	(53.0, 3.0905795246409076)	(54.0, 2.9682013759713155)	(55.0, 2.915368252232716)	(56.0, 2.836996092735023)	(57.0, 2.666980812368543)	(58.0, 2.5958640214588766)	(59.0, 2.6000363771316386)	(60.0, 2.5354573718824414)	(61.0, 2.39937944120071)	(62.0, 2.2417238783431)	(63.0, 2.1047952228412283)	(64.0, 1.9437073657397588)	(65.0, 1.7469928131216765)	(66.0, 1.5636149282632346)	(67.0, 1.3865206490885134)	(68.0, 1.1830763789907834)	(69.0, 0.984331844789683)	(70.0, 0.8031170834068424)	(71.0, 0.6424857127942287)	(72.0, 0.5254972171010145)	(73.0, 0.42918375529889596)	(74.0, 0.35028940292379945)	(75.0, 0.2848441108150693)	(76.0, 0.224375213081063)	(77.0, 0.18781652431636955)	(78.0, 0.15662846825768462)	(79.0, 0.12946925128625011)	(80.0, 0.10287026773295685)	(81.0, 0.07055137014506085)	(82.0, 0.04462674163212283)	(83.0, 0.026349990923008243)	(84.0, 0.015010451552111987)	(85.0, 0.007938369205822617)	(86.0, 0.004490512922570537)	(87.0, 0.003038055912574676)	(88.0, 0.002259953942934036)	(89.0, 0.0018415079948161809)	(90.0, 0.001525079860495654)	(91.0, 0.0011757985319014114)	(92.0, 0.0009562008649139418)	(93.0, 0.0008576412820927941)	(94.0, 0.0009025982847831422)	(95.0, 0.0013919379679127003)	(96.0, 0.0011792567628775919)	(97.0, 0.00034063575115379123)	(98.0, 0.00016945331783285044)	(99.0, 9.164312086878647e-05)	(100.0, 6.743550403552212e-05)
SRR36750780_2_paired	(0.0, 0.003997883856039629)	(1.0, 0.005370317578048039)	(2.0, 0.009477234630161474)	(3.0, 0.014638139244321726)	(4.0, 0.01869486641252817)	(5.0, 0.02155395910957469)	(6.0, 0.023618667092369188)	(7.0, 0.024807648135269287)	(8.0, 0.02534935274433439)	(9.0, 0.02599662917816938)	(10.0, 0.026553909958102178)	(11.0, 0.026768514978945866)	(12.0, 0.027131958965858557)	(13.0, 0.02742790621234461)	(14.0, 0.027971341507061685)	(15.0, 0.02839882086309709)	(16.0, 0.029335121800810264)	(17.0, 0.03175462034225762)	(18.0, 0.03528002701531075)	(19.0, 0.041569338674552314)	(20.0, 0.05253842433670781)	(21.0, 0.06800383132266889)	(22.0, 0.08953009946181215)	(23.0, 0.1257152750731007)	(24.0, 0.17374007122948323)	(25.0, 0.23169034959988627)	(26.0, 0.3047927808532446)	(27.0, 0.39243643295441466)	(28.0, 0.4975409725982618)	(29.0, 0.6094851819386753)	(30.0, 0.7219503276603304)	(31.0, 0.8523488381076489)	(32.0, 0.9978354660688001)	(33.0, 1.1457952438266097)	(34.0, 1.2929554448132112)	(35.0, 1.463332793820926)	(36.0, 1.6646219192583915)	(37.0, 1.8972641459668587)	(38.0, 2.0989357529334085)	(39.0, 2.3209706072809806)	(40.0, 2.479851011502691)	(41.0, 2.5891178501395142)	(42.0, 2.8606745437324186)	(43.0, 3.1546903450308763)	(44.0, 3.3209296246447426)	(45.0, 3.39406666961114)	(46.0, 3.353707080207311)	(47.0, 3.3716542904181903)	(48.0, 3.4438602265038307)	(49.0, 3.3718775488672943)	(50.0, 3.320787708421281)	(51.0, 3.291940639974325)	(52.0, 3.1838195152391022)	(53.0, 3.0419136758918675)	(54.0, 2.9201703243900266)	(55.0, 2.866397921183468)	(56.0, 2.790837916304319)	(57.0, 2.625815308703784)	(58.0, 2.5493068880873584)	(59.0, 2.5442809769540515)	(60.0, 2.4766890488165503)	(61.0, 2.3504164929635167)	(62.0, 2.2000527928351277)	(63.0, 2.05925459230515)	(64.0, 1.9007687844120884)	(65.0, 1.7100437641942183)	(66.0, 1.5313245103440312)	(67.0, 1.3627366903004483)	(68.0, 1.1672488231683704)	(69.0, 0.9714978918171937)	(70.0, 0.7938793540416563)	(71.0, 0.6341457217935276)	(72.0, 0.5167550447063795)	(73.0, 0.42346070395154306)	(74.0, 0.3479474275849971)	(75.0, 0.28368187727057304)	(76.0, 0.22512932029328617)	(77.0, 0.18824148630729973)	(78.0, 0.15641936922461544)	(79.0, 0.12914549403529574)	(80.0, 0.10399343945528539)	(81.0, 0.07511868003789786)	(82.0, 0.05196383670025535)	(83.0, 0.03453583218496571)	(84.0, 0.0229661986015783)	(85.0, 0.01659035265973848)	(86.0, 0.013116866556244307)	(87.0, 0.01168905089337301)	(88.0, 0.011296185250376909)	(89.0, 0.011169845197783449)	(90.0, 0.011005430060846753)	(91.0, 0.011332529649068179)	(92.0, 0.011628476895554228)	(93.0, 0.01197461402594727)	(94.0, 0.01277246011150323)	(95.0, 0.014406227366958384)	(96.0, 0.01575616217549125)	(97.0, 0.01743146588659357)	(98.0, 0.020866876905744503)	(99.0, 0.028995907413025084)	(100.0, 0.10967008839373125)
SRR36750781_1_paired	(0.0, 0.00031679071781840114)	(1.0, 0.0002527206850011964)	(2.0, 0.00018865065218399169)	(3.0, 0.00016017508204301182)	(4.0, 0.00016907369771206802)	(5.0, 0.00022246539172640528)	(6.0, 0.00023314373052927274)	(7.0, 0.00024204234619832897)	(8.0, 0.0003114515484169674)	(9.0, 0.00038264047376941715)	(10.0, 0.0004342524446499431)	(11.0, 0.0005196791550728828)	(12.0, 0.0006051058654958225)	(13.0, 0.0008168929184193603)	(14.0, 0.0014219987839151826)	(15.0, 0.0023599128754337073)	(16.0, 0.004232181612203134)	(17.0, 0.006992532192744372)	(18.0, 0.011712357943611786)	(19.0, 0.022022294057780313)	(20.0, 0.03646830673492617)	(21.0, 0.056141366256075645)	(22.0, 0.0859107951153363)	(23.0, 0.1273267321622577)	(24.0, 0.17930354628521503)	(25.0, 0.24348036249044847)	(26.0, 0.31935707857735696)	(27.0, 0.40123680079461077)	(28.0, 0.5010418944156114)	(29.0, 0.6064869306476599)	(30.0, 0.7101113101138196)	(31.0, 0.8472033831112995)	(32.0, 1.0077522070124116)	(33.0, 1.15198808866901)	(34.0, 1.2508125548432807)	(35.0, 1.3936851685793796)	(36.0, 1.5933843419780713)	(37.0, 1.8217922292482727)	(38.0, 2.011217060995472)	(39.0, 2.2120410194147326)	(40.0, 2.3939483006447135)	(41.0, 2.5418094783248852)	(42.0, 2.901288635230883)	(43.0, 3.2326054532674515)	(44.0, 3.34414426150967)	(45.0, 3.4642773527650625)	(46.0, 3.416312034585715)	(47.0, 3.3194488233049046)	(48.0, 3.4596322753858146)	(49.0, 3.484334832483115)	(50.0, 3.40467264529059)	(51.0, 3.3403000595406374)	(52.0, 3.18838289283851)	(53.0, 3.023783419084843)	(54.0, 2.8953603774721577)	(55.0, 2.8183268413482723)	(56.0, 2.7679588969382802)	(57.0, 2.6295996610695265)	(58.0, 2.561057184017054)	(59.0, 2.580708886860598)	(60.0, 2.5211468927413367)	(61.0, 2.4085366911725643)	(62.0, 2.300957766903076)	(63.0, 2.189071912649765)	(64.0, 1.9941032433407433)	(65.0, 1.772627377676737)	(66.0, 1.607465511412786)	(67.0, 1.4370872766436342)	(68.0, 1.2265478096368982)	(69.0, 1.0160510559853735)	(70.0, 0.8122994530109935)	(71.0, 0.6498605631417737)	(72.0, 0.5264474421507669)	(73.0, 0.4210735948440709)	(74.0, 0.3476511169586881)	(75.0, 0.2873345202306913)	(76.0, 0.22960386121612217)	(77.0, 0.1911209078937217)	(78.0, 0.16453006455144792)	(79.0, 0.142061059987081)	(80.0, 0.11646686159974151)	(81.0, 0.0844852368851535)	(82.0, 0.05863297864341138)	(83.0, 0.03868762148278879)	(84.0, 0.025218676806105306)	(85.0, 0.01631650169078147)	(86.0, 0.010153320478393138)	(87.0, 0.006709556214468383)	(88.0, 0.004493800912873387)	(89.0, 0.0032871486281493647)	(90.0, 0.002539664911948643)	(91.0, 0.0017975203651493547)	(92.0, 0.001482509370464765)	(93.0, 0.0012119914541254561)	(94.0, 0.001094529727293914)	(95.0, 0.0013775057055699018)	(96.0, 0.0010998688966953477)	(97.0, 0.0004929833080657141)	(98.0, 0.00032568933348745737)	(99.0, 0.00016551425144444555)	(100.0, 9.25456029581846e-05)
SRR36750781_2_paired	(0.0, 0.003013779169356862)	(1.0, 0.004283770036822254)	(2.0, 0.00812046053965599)	(3.0, 0.012667847194128846)	(4.0, 0.01632107478062466)	(5.0, 0.018894899189443023)	(6.0, 0.020537159469671763)	(7.0, 0.021376101543411172)	(8.0, 0.021992394446837576)	(9.0, 0.02241097488702603)	(10.0, 0.022489347394976208)	(11.0, 0.02263540525070154)	(12.0, 0.02298273795638983)	(13.0, 0.0236720597876789)	(14.0, 0.02431685178490537)	(15.0, 0.025374880642232776)	(16.0, 0.02715429281137433)	(17.0, 0.02971030528656765)	(18.0, 0.03465489806087891)	(19.0, 0.04561279962700386)	(20.0, 0.06072800650121328)	(21.0, 0.08123488568372247)	(22.0, 0.11114468462689057)	(23.0, 0.1531291933744737)	(24.0, 0.205959388506344)	(25.0, 0.2687339861810744)	(26.0, 0.3435245142792572)	(27.0, 0.42724950828376035)	(28.0, 0.5269268700428498)	(29.0, 0.630674258635261)	(30.0, 0.7342346219246093)	(31.0, 0.8723572612199865)	(32.0, 1.032849907955052)	(33.0, 1.1688938945963865)	(34.0, 1.2694493846831907)	(35.0, 1.4145008661587082)	(36.0, 1.6072277691750099)	(37.0, 1.8437969656159858)	(38.0, 2.0383442482487664)	(39.0, 2.2184834577722516)	(40.0, 2.3901424056968548)	(41.0, 2.537222666412265)	(42.0, 2.88002045379962)	(43.0, 3.196675666205504)	(44.0, 3.305203777782876)	(45.0, 3.4186462018473964)	(46.0, 3.375384577458898)	(47.0, 3.292681988444472)	(48.0, 3.4254076118514623)	(49.0, 3.4549130799013414)	(50.0, 3.3754576063867607)	(51.0, 3.2927265182785352)	(52.0, 3.143888219714334)	(53.0, 2.9807220017421496)	(54.0, 2.850050094282127)	(55.0, 2.780474900349356)	(56.0, 2.7249087922126796)	(57.0, 2.5851670481507867)	(58.0, 2.5153407059539026)	(59.0, 2.532746527492292)	(60.0, 2.4793392257109708)	(61.0, 2.367852551958479)	(62.0, 2.2551208240455973)	(63.0, 2.140326474218936)	(64.0, 1.9526599415455086)	(65.0, 1.7380421721040324)	(66.0, 1.5729397969468066)	(67.0, 1.4041717258495474)	(68.0, 1.2030678704493893)	(69.0, 0.9999138614889893)	(70.0, 0.8039362805861181)	(71.0, 0.6466408759367475)	(72.0, 0.5225184164706522)	(73.0, 0.42060387584825776)	(74.0, 0.3465596677689641)	(75.0, 0.2830975294563071)	(76.0, 0.2280194683009567)	(77.0, 0.19139635157451082)	(78.0, 0.1642135596693364)	(79.0, 0.1412789139337342)	(80.0, 0.11628698986443978)	(81.0, 0.08637540972790918)	(82.0, 0.06259469714511753)	(83.0, 0.044239499544513235)	(84.0, 0.031003451667745596)	(85.0, 0.021992394446837576)	(86.0, 0.016276544946562062)	(87.0, 0.013093552407767314)	(88.0, 0.011333733365613307)	(89.0, 0.010653317501136758)	(90.0, 0.010090460398585476)	(91.0, 0.009757377239797216)	(92.0, 0.009971120443297704)	(93.0, 0.01038613849676115)	(94.0, 0.010861717124549732)	(95.0, 0.012092521738040034)	(96.0, 0.013113145534754858)	(97.0, 0.014153362458457226)	(98.0, 0.01683405846902583)	(99.0, 0.02351353357841604)	(100.0, 0.09823103274873618)
SRR36750783_1_paired	(0.0, 0.0008799881357485287)	(1.0, 0.0006964477531495498)	(2.0, 0.00043999406787426434)	(3.0, 0.0003482238765747749)	(4.0, 0.0003117672252366216)	(5.0, 0.0002916532107052266)	(6.0, 0.00032182423250231906)	(7.0, 0.00034696675066656275)	(8.0, 0.0004098230460771719)	(9.0, 0.0004890219782945395)	(10.0, 0.0005443355182558756)	(11.0, 0.0006863907458838523)	(12.0, 0.0008850166393813773)	(13.0, 0.0012043266200672722)	(14.0, 0.001697119976086448)	(15.0, 0.0025494513418543086)	(16.0, 0.004277999465646062)	(17.0, 0.006868935962471372)	(18.0, 0.011375732343412052)	(19.0, 0.02151822417086795)	(20.0, 0.03452067743950657)	(21.0, 0.052334151558873214)	(22.0, 0.07877276653448365)	(23.0, 0.11563169816326488)	(24.0, 0.1639116186681538)	(25.0, 0.22053382669993876)	(26.0, 0.28478553186866346)	(27.0, 0.3577968903658107)	(28.0, 0.44707671524113174)	(29.0, 0.5391938732912878)	(30.0, 0.6277860502948168)	(31.0, 0.7432681504750044)	(32.0, 0.8748917473166364)	(33.0, 1.0162920123464347)	(34.0, 1.1492909049316509)	(35.0, 1.3139769131592633)	(36.0, 1.5355114120821391)	(37.0, 1.7929909120985257)	(38.0, 1.98827033642839)	(39.0, 2.215903153132003)	(40.0, 2.4375118224834633)	(41.0, 2.6202803297747996)	(42.0, 3.03594775419925)	(43.0, 3.445789657165045)	(44.0, 3.673583385984909)	(45.0, 3.7952580883889504)	(46.0, 3.669150760032553)	(47.0, 3.6462333547258448)	(48.0, 3.794678553345264)	(49.0, 3.700977416650761)	(50.0, 3.5225686220091044)	(51.0, 3.3839390624810055)	(52.0, 3.1598412838312857)	(53.0, 2.9030607458198645)	(54.0, 2.7359132850639725)	(55.0, 2.6809680829937426)	(56.0, 2.6321299985856075)	(57.0, 2.470510120448125)	(58.0, 2.4342269524853046)	(59.0, 2.497587355385107)	(60.0, 2.4841009086418064)	(61.0, 2.398022983454702)	(62.0, 2.2668695517027415)	(63.0, 2.144145149165343)	(64.0, 1.9705335469894243)	(65.0, 1.7719001107364498)	(66.0, 1.6171969393459502)	(67.0, 1.434648429088551)	(68.0, 1.2099660868915119)	(69.0, 1.0039193791578103)	(70.0, 0.7979958697631135)	(71.0, 0.6232893109211417)	(72.0, 0.49985337511969563)	(73.0, 0.3984510851114845)	(74.0, 0.3194055222549188)	(75.0, 0.25932873222736674)	(76.0, 0.20482729560273574)	(77.0, 0.1665955824821868)	(78.0, 0.14201248534709757)	(79.0, 0.12376153141167308)	(80.0, 0.10065681434464134)	(81.0, 0.0731131856957124)	(82.0, 0.04893362597715925)	(83.0, 0.030149650656652805)	(84.0, 0.018789003824139297)	(85.0, 0.011784298263581012)	(86.0, 0.007281273260364968)	(87.0, 0.005010903870133764)	(88.0, 0.0034784673880231126)	(89.0, 0.002611050511356706)	(90.0, 0.0021509424289510464)	(91.0, 0.001587750022071988)	(92.0, 0.0013488960995116732)	(93.0, 0.0013187250777145808)	(94.0, 0.0013979240099319485)	(95.0, 0.0018165469373666056)	(96.0, 0.0014972369566807109)	(97.0, 0.0006197630727486067)	(98.0, 0.0003457096247583505)	(99.0, 0.00015714073852652298)	(100.0, 8.799881357485287e-05)
SRR36750783_2_paired	(0.0, 0.003623850553611119)	(1.0, 0.004666965869216543)	(2.0, 0.008215319536294096)	(3.0, 0.012601688643894222)	(4.0, 0.016000306819346874)	(5.0, 0.018485412667743388)	(6.0, 0.02029356310022227)	(7.0, 0.02146879796726143)	(8.0, 0.022501847031329042)	(9.0, 0.023236683393589076)	(10.0, 0.023548737191261146)	(11.0, 0.023846949893068726)	(12.0, 0.024313772308134602)	(13.0, 0.024988211161167784)	(14.0, 0.026020001943793173)	(15.0, 0.027294641044768198)	(16.0, 0.029033585997924643)	(17.0, 0.031772864697650824)	(18.0, 0.036841222346937486)	(19.0, 0.047619661181046116)	(20.0, 0.0618067844421452)	(21.0, 0.08068603920130535)	(22.0, 0.10771266629887939)	(23.0, 0.14570395788401153)	(24.0, 0.19422706514057594)	(25.0, 0.2502621126072301)	(26.0, 0.3164175177137087)	(27.0, 0.3907404276616767)	(28.0, 0.4792252952418993)	(29.0, 0.5736844831098113)	(30.0, 0.6636969043608965)	(31.0, 0.7744860687860187)	(32.0, 0.9039405801251226)	(33.0, 1.042515115357481)	(34.0, 1.1766642747575304)	(35.0, 1.3430417967373165)	(36.0, 1.5614366735387288)	(37.0, 1.8230887497609896)	(38.0, 2.0249510666929935)	(39.0, 2.2331588969381433)	(40.0, 2.4342612118790425)	(41.0, 2.6108408797923977)	(42.0, 3.0066861552651853)	(43.0, 3.4005685116881006)	(44.0, 3.623524658717583)	(45.0, 3.731448716298756)	(46.0, 3.606144017156114)	(47.0, 3.5864770782141204)	(48.0, 3.724664062762273)	(49.0, 3.644599614593427)	(50.0, 3.4738634056977706)	(51.0, 3.3224808236649923)	(52.0, 3.1045628355301833)	(53.0, 2.8659096275089313)	(54.0, 2.70533404125925)	(55.0, 2.646462827421818)	(56.0, 2.590255395397579)	(57.0, 2.434759491330164)	(58.0, 2.3904428189349614)	(59.0, 2.4461947530771146)	(60.0, 2.427041192963549)	(61.0, 2.3369960563949665)	(62.0, 2.218716342544272)	(63.0, 2.0967800628224693)	(64.0, 1.9236191455876424)	(65.0, 1.7296663858014716)	(66.0, 1.5773916822261556)	(67.0, 1.402968708704776)	(68.0, 1.1872426468423252)	(69.0, 0.987933382956598)	(70.0, 0.791067701631674)	(71.0, 0.6206762618511867)	(72.0, 0.4960598426574421)	(73.0, 0.39573077186154537)	(74.0, 0.31901461061046327)	(75.0, 0.25855796215582666)	(76.0, 0.20465821829663017)	(77.0, 0.16779183032084818)	(78.0, 0.1434981905157892)	(79.0, 0.12454343887009547)	(80.0, 0.10307338262139183)	(81.0, 0.07817325116117986)	(82.0, 0.05577835805244003)	(83.0, 0.0380139406510922)	(84.0, 0.026769937683359918)	(85.0, 0.019970184769570166)	(86.0, 0.015951233843100057)	(87.0, 0.013657386773921906)	(88.0, 0.012255661247282048)	(89.0, 0.012108442318541596)	(90.0, 0.012020362617585772)	(91.0, 0.011870627125960867)	(92.0, 0.012431820649193702)	(93.0, 0.013088643562035715)	(94.0, 0.01363725427084629)	(95.0, 0.015031430108832788)	(96.0, 0.01601163135232691)	(97.0, 0.01709626995552579)	(98.0, 0.02045336484338498)	(99.0, 0.028678750631216884)	(100.0, 0.11067214425099514)
SRR36750784_1_paired	(0.0, 0.002923431244527711)	(1.0, 0.0022731777703046793)	(2.0, 0.0013804339379859766)	(3.0, 0.0010187304429494155)	(4.0, 0.0008832609691529506)	(5.0, 0.0008642952428214454)	(6.0, 0.0009062907796983495)	(7.0, 0.0009388034534095011)	(8.0, 0.0010146663587355215)	(9.0, 0.0011650374746495975)	(10.0, 0.0013750151590341177)	(11.0, 0.0016351165487233303)	(12.0, 0.0020469437490645832)	(13.0, 0.0026538469916727457)	(14.0, 0.0034761466976172867)	(15.0, 0.004708918909165117)	(16.0, 0.00667729036342775)	(17.0, 0.009912301397687331)	(18.0, 0.013960129274725699)	(19.0, 0.020094187048229625)	(20.0, 0.029692199266709154)	(21.0, 0.044209108078738325)	(22.0, 0.06357175996846705)	(23.0, 0.08911994803174234)	(24.0, 0.11871596397205601)	(25.0, 0.1530317363794385)	(26.0, 0.19602432858348456)	(27.0, 0.242643438601062)	(28.0, 0.2977808691309612)	(29.0, 0.359407287455711)	(30.0, 0.4213886358018075)	(31.0, 0.4846406878121149)	(32.0, 0.5535824577218738)	(33.0, 0.6257917513396034)	(34.0, 0.7076058306495024)	(35.0, 0.8432080645302878)	(36.0, 1.0053948279488913)	(37.0, 1.115305276124177)	(38.0, 1.1279594796715051)	(39.0, 1.1877868633842377)	(40.0, 1.3933712727335388)	(41.0, 1.6293536773080288)	(42.0, 1.96744890714608)	(43.0, 2.2453089901552707)	(44.0, 2.4341317615117353)	(45.0, 2.6623842779113986)	(46.0, 2.6717045777085957)	(47.0, 2.5686895257495497)	(48.0, 2.7540442785768247)	(49.0, 3.071140385281686)	(50.0, 3.0742886958527156)	(51.0, 2.9698715348398768)	(52.0, 2.9052674974810806)	(53.0, 2.8024150088905904)	(54.0, 2.8045581359660505)	(55.0, 2.8885600472777626)	(56.0, 2.9795643756900136)	(57.0, 2.9932169892592215)	(58.0, 3.193807993804385)	(59.0, 3.5102646845929266)	(60.0, 3.64072991602735)	(61.0, 3.625098093445976)	(62.0, 3.5375685570366042)	(63.0, 3.4645979249761387)	(64.0, 3.2345016690381048)	(65.0, 2.9192520112610896)	(66.0, 2.7382241534268736)	(67.0, 2.5620379745861435)	(68.0, 2.26511733661379)	(69.0, 1.8411872934835607)	(70.0, 1.4149353035724601)	(71.0, 1.119148545095783)	(72.0, 0.906617261130199)	(73.0, 0.7154278380665102)	(74.0, 0.5704456978200577)	(75.0, 0.46297234547837035)	(76.0, 0.3575364540225818)	(77.0, 0.2850602855414731)	(78.0, 0.23597698579553797)	(79.0, 0.2194144879291822)	(80.0, 0.18981034382044074)	(81.0, 0.1397272793578877)	(82.0, 0.09678345616440835)	(83.0, 0.05877343120659626)	(84.0, 0.037808175441855364)	(85.0, 0.024339800357010832)	(86.0, 0.017109794540493505)	(87.0, 0.012973911505487434)	(88.0, 0.008808225186246141)	(89.0, 0.0072218776480895384)	(90.0, 0.006039229141846401)	(91.0, 0.0039042302348141155)	(92.0, 0.0028854997918647003)	(93.0, 0.0024574162546678715)	(94.0, 0.002059136001706265)	(95.0, 0.0031740497710511704)	(96.0, 0.0028164103602285034)	(97.0, 0.0006868302321480766)	(98.0, 0.00034951124239487923)	(99.0, 0.00019236665279098004)	(100.0, 6.77347368982324e-05)
SRR36750784_2_paired	(0.0, 0.004888941070150404)	(1.0, 0.004510468662111569)	(2.0, 0.005318961691470514)	(3.0, 0.007412090457075973)	(4.0, 0.009136242538141777)	(5.0, 0.010772220043858034)	(6.0, 0.012287466207941829)	(7.0, 0.013216690578933234)	(8.0, 0.013996696437794633)	(9.0, 0.01498153861785268)	(10.0, 0.015787318583354717)	(11.0, 0.016483219462651928)	(12.0, 0.017451783259568518)	(13.0, 0.018530226142689933)	(14.0, 0.01983656638979172)	(15.0, 0.02166517142934853)	(16.0, 0.02419239041205946)	(17.0, 0.027747860596538984)	(18.0, 0.032452313324419564)	(19.0, 0.03924311215826332)	(20.0, 0.04829524971684092)	(21.0, 0.06264328792410528)	(22.0, 0.08190739784008917)	(23.0, 0.1065908528102492)	(24.0, 0.1369853071992031)	(25.0, 0.17334443247757195)	(26.0, 0.2160263530744677)	(27.0, 0.26303968011891904)	(28.0, 0.318371260948654)	(29.0, 0.3773356342827904)	(30.0, 0.4383510838927501)	(31.0, 0.5006823694733108)	(32.0, 0.5691356836469872)	(33.0, 0.639028278196754)	(34.0, 0.71674263584599)	(35.0, 0.8501833251161411)	(36.0, 1.0094632345594958)	(37.0, 1.1193287554450344)	(38.0, 1.1392534964101757)	(39.0, 1.1956825115700305)	(40.0, 1.3907992814992987)	(41.0, 1.6178583087478877)	(42.0, 1.944066254647224)	(43.0, 2.224389508066583)	(44.0, 2.4230468263291183)	(45.0, 2.645579106532454)	(46.0, 2.649911869511938)	(47.0, 2.5451550478689593)	(48.0, 2.7155123970400745)	(49.0, 3.0390316966572137)	(50.0, 3.0608976348119734)	(51.0, 2.9549728391785957)	(52.0, 2.8890453874557016)	(53.0, 2.7924494618943063)	(54.0, 2.791491750352817)	(55.0, 2.8726422033768286)	(56.0, 2.9606214381286806)	(57.0, 2.968243791034667)	(58.0, 3.1496093968051913)	(59.0, 3.45891766793984)	(60.0, 3.5897673812266424)	(61.0, 3.5619096415438993)	(62.0, 3.477487233508455)	(63.0, 3.4138156943825813)	(64.0, 3.191146404454471)	(65.0, 2.841843502473195)	(66.0, 2.639699897154532)	(67.0, 2.502547736528129)	(68.0, 2.2380945501397598)	(69.0, 1.8228682660313758)	(70.0, 1.4052287116222704)	(71.0, 1.1133573018959773)	(72.0, 0.8955593181229478)	(73.0, 0.7103370920798273)	(74.0, 0.570280596594603)	(75.0, 0.46162781525310276)	(76.0, 0.35643825992494715)	(77.0, 0.2866908142915251)	(78.0, 0.23960966065065104)	(79.0, 0.22135888008522278)	(80.0, 0.19390809998101535)	(81.0, 0.1455897892213907)	(82.0, 0.10419928702038372)	(83.0, 0.06626929776886445)	(84.0, 0.04338189107197833)	(85.0, 0.030247948940680825)	(86.0, 0.02360094249125325)	(87.0, 0.019942375880211177)	(88.0, 0.01707466738345814)	(89.0, 0.01653883727171857)	(90.0, 0.016221408800460187)	(91.0, 0.0153993504518167)	(92.0, 0.016315009503523558)	(93.0, 0.017653906516908256)	(94.0, 0.019464876641395155)	(95.0, 0.023339131829061513)	(96.0, 0.026327571667447015)	(97.0, 0.0288561471820864)	(98.0, 0.035547919185152974)	(99.0, 0.04861674778388466)	(100.0, 0.16529205895026539)
