Sample	0	1	2	3	4	5	6	7	8	9	10	11	12	13	14	15	16	17	18	19	20	21	22	23	24	25	26	27	28	29	30	31	32	33	34	35	36	37	38	39	40	41	42	43	44	45	46	47	48	49	50	51	52	53	54	55	56	57	58	59	60	61	62	63	64	65	66	67	68	69	70	71	72	73
SRR36750771_1_paired - polya	(1, 0.0022475564067289066)	(2, 0.005962653073544177)	(3, 0.007917318041810468)	(4, 0.010827734019796871)	(5, 0.013146200985311463)	(6, 0.015495498628558962)	(7, 0.018276425760067157)	(8, 0.024744701948431005)	(9, 0.03515005568328705)	(10, 0.042925552607526146)	(12, 0.048821919723944576)	(14, 0.05958953392216228)	(16, 0.07032785897653372)	(18, 0.07721080778040518)	(20, 0.08517591337270164)	(22, 0.09354335930941254)	(24, 0.10101979865964245)	(26, 0.11066671772226899)	(28, 0.12013173578627138)	(30, 0.12834502833431777)	(32, 0.13544841648397948)	(34, 0.14382048702235034)	(36, 0.15096703812083812)	(38, 0.1577451626204177)	(40, 0.16526322338558702)	(42, 0.17228491023925654)	(44, 0.1793882983889183)	(46, 0.18739502539615416)	(48, 0.19424560198840607)	(50, 0.20111005238563776)	(52, 0.20845083675384288)	(54, 0.21738094255917934)	(56, 0.22499457842532067)	(58, 0.23296893322093704)	(60, 0.24080609150064192)	(62, 0.2517124437486577)	(64, 0.26035582425107817)	(66, 0.2704467050730585)	(68, 0.28226564538196836)	(70, 0.29284210937824207)	(72, 0.300965992960863)	(74, 0.3082589897785821)	(76, 0.3160283205672746)	(78, 0.3240859181927698)	(80, 0.33027517674765083)	(82, 0.3367573267409945)	(84, 0.34624546781329657)	(86, 0.35795341768236794)	(88, 0.36896305270078894)	(90, 0.3816252120456938)	(92, 0.3919920274333837)	(94, 0.4017499369358487)	(96, 0.4090398506857945)	(98, 0.4156838617372359)	(100, 0.4240667230128133)	(102, 0.43215823438381473)	(104, 0.44035457005910794)	(106, 0.44778630492662513)	(108, 0.4566100448937831)	(110, 0.4644718677156743)	(112, 0.47156138206035625)	(114, 0.47840270944928825)	(116, 0.4855184298700431)	(118, 0.49315827181225746)	(120, 0.5000905497005015)	(122, 0.5068239697173684)	(124, 0.5143435720164243)	(126, 0.5229283742311523)	(128, 0.5311509159825185)	(130, 0.5406128509787476)	(132, 0.5510875737385027)	(134, 0.562461010754172)	(136, 0.5722158371888637)	(138, 0.5809964142071956)
SRR36750771_1_paired - polyg	(1, 0.0)	(2, 0.0)	(3, 9.249203319872043e-05)	(4, 0.0001603195242111154)	(5, 0.00020039940526389425)	(6, 0.00031755598064894016)	(7, 0.00044396175935385805)	(8, 0.0008447605698816466)	(9, 0.0014058789046205505)	(10, 0.0018313422573346646)	(12, 0.0023847529226403417)	(14, 0.0029150405796463386)	(16, 0.0034222052283526556)	(18, 0.0038045056322407005)	(20, 0.004237676654388041)	(22, 0.0047972534552403)	(24, 0.00518109539301499)	(26, 0.005586518805202714)	(28, 0.006042812835649735)	(30, 0.006531479077716307)	(32, 0.007075640539702112)	(34, 0.007582805188408429)	(36, 0.008205584878613148)	(38, 0.008812949229951413)	(40, 0.009468101131775682)	(42, 0.010174123651859247)	(44, 0.01091405991744901)	(46, 0.01170794986907136)	(48, 0.012551168905066362)	(50, 0.013456049296527177)	(52, 0.014302351400295468)	(54, 0.015292016155521778)	(56, 0.01642966816386604)	(58, 0.017573486307756882)	(60, 0.018708055248327853)	(62, 0.019944365425417415)	(64, 0.02113597111979426)	(66, 0.022490979406155517)	(68, 0.02437319228174948)	(70, 0.03833024009143639)	(72, 0.04404316467534402)	(74, 0.04615198303227485)	(76, 0.04774592907106613)	(78, 0.0492782137543916)	(80, 0.05079354156496397)	(82, 0.05229962017221647)	(84, 0.05376716043230283)	(86, 0.0553503157338876)	(88, 0.05691343109494597)	(90, 0.05860911837025584)	(92, 0.060341802458845205)	(94, 0.06225947061383201)	(96, 0.06419563717545856)	(98, 0.06612717913542517)	(100, 0.06802172428211228)	(102, 0.06987464801386)	(104, 0.07198654943856411)	(106, 0.07398591888954312)	(108, 0.07637375487995675)	(110, 0.0784594502285879)	(112, 0.08043415513738059)	(114, 0.08263700706139676)	(116, 0.08472270241002791)	(118, 0.0867729424792662)	(120, 0.08908986791089415)	(122, 0.09181838289025641)	(124, 0.09405977316143874)	(126, 0.0966248855488166)	(128, 0.09947672323911047)	(130, 0.10257674788515425)	(132, 0.1053499673472292)	(134, 0.10804456858108527)	(136, 0.11097039989793812)	(138, 0.11346922632819022)
SRR36750771_2_paired - polya	(1, 0.0040172373085977575)	(2, 0.00891623200035665)	(3, 0.01516561037681686)	(4, 0.025352066299769268)	(5, 0.03580674911899797)	(6, 0.04557390782478284)	(7, 0.055405810953806825)	(8, 0.07100613388665768)	(9, 0.09052195289158768)	(10, 0.11262754882608186)	(12, 0.13417202642583714)	(14, 0.16158204046427793)	(16, 0.18868066465761638)	(18, 0.21085717115089625)	(20, 0.23309688053352856)	(22, 0.25503599080826506)	(24, 0.2747460430829124)	(26, 0.29537176648622704)	(28, 0.31600211449120164)	(30, 0.33417988208252347)	(32, 0.351341778842546)	(34, 0.37028414724164405)	(36, 0.38620819229069037)	(38, 0.4011441141183971)	(40, 0.4162187739959019)	(42, 0.43129651694118)	(44, 0.4457684370690064)	(46, 0.46089396756477047)	(48, 0.47463211756255375)	(50, 0.4872572800941791)	(52, 0.5008181536949982)	(54, 0.5151837079846461)	(56, 0.5278797810750571)	(58, 0.5415485620479413)	(60, 0.5548581656252372)	(62, 0.5703613719232294)	(64, 0.5836077726111728)	(66, 0.5986408110737381)	(68, 0.6151938019485359)	(70, 0.6309159060584316)	(72, 0.6431633927878289)	(74, 0.6539572130621196)	(76, 0.6656158338468183)	(78, 0.6777322901958507)	(80, 0.6879526598643093)	(82, 0.6984890439795302)	(84, 0.7113546857974722)	(86, 0.7267515262572859)	(88, 0.7409922163021154)	(90, 0.7574511736098277)	(92, 0.7710937485066391)	(94, 0.7841042945099257)	(96, 0.7947979150815845)	(98, 0.8051046106476952)	(100, 0.8166013703742961)	(102, 0.8276957897564827)	(104, 0.8386499295549844)	(106, 0.8488225116729571)	(108, 0.8603100221962381)	(110, 0.870373155408259)	(112, 0.8803422550531943)	(114, 0.889767193236144)	(116, 0.8994449429765033)	(118, 0.909135024987956)	(120, 0.9185985015180718)	(122, 0.9276241824243803)	(124, 0.9372156062670876)	(126, 0.9479046022370863)	(128, 0.9578659942125884)	(130, 0.9694937843195544)	(132, 0.9819293381831222)	(134, 0.9945899559941405)	(136, 1.0060281374330489)	(138, 1.0167310072080276)
SRR36750771_2_paired - polyg	(1, 0.5204958337580259)	(2, 0.5308056123919099)	(3, 0.5313543984555557)	(4, 0.531961762806894)	(5, 0.532513631938313)	(6, 0.5330839994763718)	(7, 0.5338239357419615)	(8, 0.5348814279882003)	(9, 0.5362903899605941)	(10, 0.5382681779371601)	(12, 0.5409519884338096)	(14, 0.5426954632596055)	(16, 0.5436126759221594)	(18, 0.5443695690605024)	(20, 0.545044760902853)	(22, 0.545840192388362)	(24, 0.5465600887134253)	(26, 0.5472429882252092)	(28, 0.547982924490799)	(30, 0.5486288271893034)	(32, 0.5493810957259864)	(34, 0.5500747859749767)	(36, 0.5507607685545339)	(38, 0.5514421265324312)	(40, 0.5520679892904091)	(42, 0.5527786364121527)	(44, 0.5534599943900498)	(46, 0.5540920232835744)	(48, 0.5547548828548319)	(50, 0.5553560810706237)	(52, 0.555985026896375)	(54, 0.5567064647553249)	(56, 0.5574664409614412)	(58, 0.5581154267277189)	(60, 0.5587690370956564)	(62, 0.5594920164884931)	(64, 0.5602057466780099)	(66, 0.560987304358539)	(68, 0.5617395728952219)	(70, 0.5624702599574919)	(72, 0.5632317776974947)	(74, 0.5640256676491171)	(76, 0.5648303483379459)	(78, 0.5656535274334145)	(80, 0.5665630324265353)	(82, 0.5674648297502227)	(84, 0.5683589194044771)	(86, 0.569376331769663)	(88, 0.5703444150504763)	(90, 0.5714574025166342)	(92, 0.5725935129910918)	(94, 0.5738544877103677)	(96, 0.5751524592429231)	(98, 0.5763425234034134)	(100, 0.5774508862679113)	(102, 0.5786409504284016)	(104, 0.5799712941725765)	(106, 0.5814619574409625)	(108, 0.5829464545738019)	(110, 0.5843692903511756)	(112, 0.5858214152723955)	(114, 0.5873737398962473)	(116, 0.5888351140207873)	(118, 0.5904059370512788)	(120, 0.5920230060983698)	(122, 0.5937556901869591)	(124, 0.5954359621234024)	(126, 0.5972703874485105)	(128, 0.599063191358679)	(130, 0.6009793179797791)	(132, 0.6030927609383698)	(134, 0.6051799978208876)	(136, 0.6074059727532035)	(138, 0.6095070834407011)
SRR36750772_1_paired - polya	(1, 0.00255637660385196)	(2, 0.006210187608347439)	(3, 0.008185569529505773)	(4, 0.011021684313913923)	(5, 0.013470469309859656)	(6, 0.015531924517342971)	(7, 0.01819589272910116)	(8, 0.024134949485524904)	(9, 0.03258304253832187)	(10, 0.040826711536097)	(12, 0.04635261651816084)	(14, 0.0563780025428631)	(16, 0.06759335175100822)	(18, 0.07475895283756297)	(20, 0.08230327638394763)	(22, 0.09121401335074136)	(24, 0.09909617454595157)	(26, 0.1085922098597552)	(28, 0.11842177915806812)	(30, 0.12685696121791634)	(32, 0.1341753423876979)	(34, 0.1426406500977599)	(36, 0.14961688995439965)	(38, 0.1564059204132826)	(40, 0.16516602912900763)	(42, 0.17253175060626796)	(44, 0.17980494330072894)	(46, 0.18844454941559896)	(48, 0.1961115273949967)	(50, 0.20303827511199962)	(52, 0.2110581535653298)	(54, 0.22083392705968963)	(56, 0.22903455941430229)	(58, 0.23729974673365867)	(60, 0.24584036856925498)	(62, 0.25635206866169336)	(64, 0.26565874274558204)	(66, 0.27555717067295493)	(68, 0.285907483353534)	(70, 0.2962857698521687)	(72, 0.3045595645001576)	(74, 0.31146479389557924)	(76, 0.31928670379036195)	(78, 0.3276939120321546)	(80, 0.33423332996069505)	(82, 0.341056789734108)	(84, 0.35095091399716466)	(86, 0.3629602892716578)	(88, 0.3730158009465737)	(90, 0.3840934328965989)	(92, 0.3941812220538868)	(94, 0.40497696399119765)	(96, 0.4128354550326685)	(98, 0.41991928649721444)	(100, 0.4280187827403953)	(102, 0.4360171428721442)	(104, 0.4445039689037874)	(106, 0.4523839782668395)	(108, 0.4616691340291469)	(110, 0.46995153600576833)	(112, 0.47700954548441676)	(114, 0.4843494449757796)	(116, 0.49189376852216427)	(118, 0.5000384532406656)	(120, 0.5073396197531823)	(122, 0.5148947024603576)	(124, 0.5233255808558894)	(126, 0.5324988413459745)	(128, 0.5414138819770844)	(130, 0.5522655715505065)	(132, 0.5640683709378196)	(134, 0.5764048247003477)	(136, 0.5877385246771896)	(138, 0.5981447849938799)
SRR36750772_1_paired - polyg	(1, 0.0)	(2, 0.0)	(3, 9.037695064123093e-05)	(4, 0.0001463245867524691)	(5, 0.00019366489423120912)	(6, 0.00028404184487244003)	(7, 0.0004260627673086601)	(8, 0.0007402302623948437)	(9, 0.001131863715173511)	(10, 0.0014632458675246911)	(12, 0.0019301934458377176)	(14, 0.0024659996532107294)	(16, 0.0029114289099425104)	(18, 0.0032578738874005624)	(20, 0.0036774811582348486)	(22, 0.004146580568705999)	(24, 0.004480114553215304)	(26, 0.00482871136283148)	(28, 0.00527844428387951)	(30, 0.005777669344564406)	(32, 0.006393093341788026)	(34, 0.006881559241682297)	(36, 0.007447491099269053)	(38, 0.008037093110595177)	(40, 0.008760108715725025)	(42, 0.009414265691794887)	(44, 0.01008778915728787)	(46, 0.010853841405580208)	(48, 0.011622045486030672)	(50, 0.012319239105263023)	(52, 0.013113265171610981)	(54, 0.014092348803557649)	(56, 0.015144594728880554)	(58, 0.016158107675357213)	(60, 0.01719744260773137)	(62, 0.01808830112119493)	(64, 0.019202950179103444)	(66, 0.02023798144716135)	(68, 0.022785750722380815)	(70, 0.04878203502468345)	(72, 0.052110919373302124)	(74, 0.05380010761742989)	(76, 0.055325756617540196)	(78, 0.05676318049916739)	(80, 0.05829743682791019)	(82, 0.059797263842123)	(84, 0.06115937359821584)	(86, 0.06252793885078305)	(88, 0.06402991769715398)	(90, 0.06575783892012799)	(92, 0.06752234128979012)	(94, 0.06917925205154601)	(96, 0.07141285383167931)	(98, 0.0733322881167264)	(100, 0.07541956531010721)	(102, 0.07735836608457741)	(104, 0.07938324014537262)	(106, 0.0813005225982616)	(108, 0.08394727615275477)	(110, 0.08604316067476808)	(112, 0.08811107137872577)	(114, 0.09042859461302591)	(116, 0.09257397127467609)	(118, 0.09503566726357056)	(120, 0.09788469304092745)	(122, 0.10126306952918299)	(124, 0.10396361888762931)	(126, 0.10685783314030681)	(128, 0.11006406305591239)	(130, 0.11387926147226721)	(132, 0.11714574268830028)	(134, 0.12028311397484587)	(136, 0.12370237527410577)	(138, 0.12706568893725442)
SRR36750772_2_paired - polya	(1, 0.0049276956421052094)	(2, 0.009601475089551724)	(3, 0.019211557507735944)	(4, 0.03282404774003182)	(5, 0.04687120806826885)	(6, 0.0594551225289812)	(7, 0.0722111835623435)	(8, 0.0914356520630282)	(9, 0.11282916737910242)	(10, 0.14015528395512605)	(12, 0.16865199722516938)	(14, 0.20251107623325912)	(16, 0.2368973541200894)	(18, 0.26686161692197363)	(20, 0.29525719408058515)	(22, 0.32326328961857614)	(24, 0.3487581970280358)	(26, 0.3750535860003177)	(28, 0.40092076037313285)	(30, 0.4246468617486141)	(32, 0.44648365448926197)	(34, 0.468892834583971)	(36, 0.4882571721749338)	(38, 0.5073202532637591)	(40, 0.5265296589393369)	(42, 0.5446954260182244)	(44, 0.562708413013885)	(46, 0.5815197297402097)	(48, 0.5979941567428113)	(50, 0.6137627827975479)	(52, 0.6302113878142519)	(54, 0.648164123509485)	(56, 0.6642727390452055)	(58, 0.6805362864963107)	(60, 0.6964512371377998)	(62, 0.7140618315198911)	(64, 0.7305470176832832)	(66, 0.7479295178566134)	(68, 0.7655853007140252)	(70, 0.782442753840773)	(72, 0.7967029455526643)	(74, 0.8098076033956427)	(76, 0.823581481039798)	(78, 0.8370282801959184)	(80, 0.8500511684168881)	(82, 0.8626028053952286)	(84, 0.8775709498871429)	(86, 0.8937936125272439)	(88, 0.9088671967949062)	(90, 0.9248359432403486)	(92, 0.9393005590072617)	(94, 0.954612996644476)	(96, 0.9668935027708927)	(98, 0.9792988151624807)	(100, 0.9914652741845169)	(102, 1.0039953928412761)	(104, 1.0166201921129927)	(106, 1.028528431276054)	(108, 1.0417299215661482)	(110, 1.0535563911072008)	(112, 1.0646254157285933)	(114, 1.0754125503372718)	(116, 1.08657840740578)	(118, 1.0979615995222587)	(120, 1.1089918911648051)	(122, 1.120200784876476)	(124, 1.131086903764428)	(126, 1.1432942475974688)	(128, 1.1551938794318974)	(130, 1.1686665005739152)	(132, 1.1831483309980935)	(134, 1.1978474964702421)	(136, 1.212081866196236)	(138, 1.2252790528220139)
SRR36750772_2_paired - polyg	(1, 0.5696287052344134)	(2, 0.58584491237804)	(3, 0.5862322421665025)	(4, 0.5867271635628711)	(5, 0.587226388623556)	(6, 0.5876954880340272)	(7, 0.5882119277519771)	(8, 0.5891845558874493)	(9, 0.5904197075462129)	(10, 0.5923090161810463)	(12, 0.5947965341558382)	(14, 0.5965244553788123)	(16, 0.5973249369416345)	(18, 0.5978951724635375)	(20, 0.5984180676779618)	(22, 0.5990334916751854)	(24, 0.5996424601759347)	(26, 0.6001524443974102)	(28, 0.60070331342989)	(30, 0.601342407580853)	(32, 0.6019556797459186)	(34, 0.6025947738968815)	(36, 0.6031327319364126)	(38, 0.6036792973045764)	(40, 0.6042344700013724)	(42, 0.6048477421664379)	(44, 0.6054437996742384)	(46, 0.6061108676432571)	(48, 0.6067413544655875)	(50, 0.6073266528125975)	(52, 0.607942076809821)	(54, 0.6086371185968953)	(56, 0.6093579823698669)	(58, 0.6100250503388855)	(60, 0.6106576889933742)	(62, 0.611326908794551)	(64, 0.6120628353926295)	(66, 0.6128977462699818)	(68, 0.6137262016508598)	(70, 0.6144944057313103)	(72, 0.6151915993505426)	(74, 0.6159468924380443)	(76, 0.6166569970502255)	(78, 0.6174746932703128)	(80, 0.6185613685101656)	(82, 0.6197341170363435)	(84, 0.6209671168629489)	(86, 0.6221807502001311)	(88, 0.6233362840690441)	(90, 0.6246854828321882)	(92, 0.6258689905191566)	(94, 0.6270030060664883)	(96, 0.6283134718507861)	(98, 0.6295873564883958)	(100, 0.6309516180766468)	(102, 0.6322663875252609)	(104, 0.6336887485817813)	(106, 0.6351670572744128)	(108, 0.6366797952815744)	(110, 0.6383539207005953)	(112, 0.6400452607768812)	(114, 0.641650527566842)	(116, 0.643359082300393)	(118, 0.6450590297053114)	(120, 0.6469913749833072)	(122, 0.6488720762895079)	(124, 0.6506172121697471)	(126, 0.652431206679046)	(128, 0.6544238032574694)	(130, 0.6566229757230726)	(132, 0.6588501220067315)	(134, 0.6611482787516085)	(136, 0.6631408753300319)	(138, 0.6652001787053571)
SRR36750775_1_paired - polya	(1, 0.002648502477779894)	(2, 0.006812886503317178)	(3, 0.008906519131540593)	(4, 0.011921121303873215)	(5, 0.014572483935516802)	(6, 0.016780522718287946)	(7, 0.01934322058015704)	(8, 0.025812888619831036)	(9, 0.035523110987069416)	(10, 0.043851879038143984)	(12, 0.049999779768152494)	(14, 0.06079972075745798)	(16, 0.07406940460806254)	(18, 0.08509386767566793)	(20, 0.09670752243919413)	(22, 0.10717568558031121)	(24, 0.11826021187905417)	(26, 0.12926179371575003)	(28, 0.13971565608754863)	(30, 0.1490597787602343)	(32, 0.1575530056584712)	(34, 0.1658088397860216)	(36, 0.1728777100601393)	(38, 0.18008958802744168)	(40, 0.18804653607623614)	(42, 0.19582186435468607)	(44, 0.2048885521025935)	(46, 0.21310005384525663)	(48, 0.2206522901223385)	(50, 0.22820309632248853)	(52, 0.23606136906298555)	(54, 0.24566862589113098)	(56, 0.25331095701491924)	(58, 0.2609961904466628)	(60, 0.2687986901868178)	(62, 0.27851034263098806)	(64, 0.287170888530251)	(66, 0.29792077682694185)	(68, 0.30809434412009856)	(70, 0.3169164887126602)	(72, 0.32478477199168015)	(74, 0.33176354741909153)	(76, 0.33916705569526134)	(78, 0.34679079581893557)	(80, 0.35314033739633444)	(82, 0.36001900743851656)	(84, 0.37028552973224327)	(86, 0.3819349364190656)	(88, 0.39175956494085173)	(90, 0.40298423877891565)	(92, 0.41476950277426344)	(94, 0.4252777080694722)	(96, 0.4336522385823659)	(98, 0.4406982276255741)	(100, 0.44816179913288146)	(102, 0.4569167301096463)	(104, 0.4652097462374247)	(106, 0.4729493225925785)	(108, 0.48174858595423053)	(110, 0.48905913922983035)	(112, 0.4960364845803099)	(114, 0.5027864476986258)	(116, 0.5101441935129765)	(118, 0.5182055371777958)	(120, 0.5264699517669373)	(122, 0.5336932703496944)	(124, 0.5419619751696314)	(126, 0.5512832166114076)	(128, 0.5600038257418081)	(130, 0.5701788231118966)	(132, 0.5804610762518736)	(134, 0.5913053496260663)	(136, 0.6014474552267224)	(138, 0.6103711352814452)
SRR36750775_1_paired - polyg	(1, 0.0)	(2, 0.0)	(3, 0.00014300769318465947)	(4, 0.0001944904627311369)	(5, 0.00029459584796039855)	(6, 0.0004261629256902853)	(7, 0.0005806112343297175)	(8, 0.0009896132368378437)	(9, 0.0016074064713955726)	(10, 0.002153695859360972)	(12, 0.002732877016758843)	(14, 0.003377841713021657)	(16, 0.003934141639509982)	(18, 0.004404636950087512)	(20, 0.004906593953165667)	(22, 0.005411411110107515)	(24, 0.005798961958637942)	(26, 0.006280897884670245)	(28, 0.006802875964794251)	(30, 0.007326284121850105)	(32, 0.007894024663793204)	(34, 0.008486076513577693)	(36, 0.009188244287114372)	(38, 0.00986896090667335)	(40, 0.010533946679982018)	(42, 0.011324779223293184)	(44, 0.012112751612740658)	(46, 0.012905014232983672)	(48, 0.01372444831493177)	(50, 0.014546742550743563)	(52, 0.015546366326104332)	(54, 0.016746200871923626)	(56, 0.01799608811035755)	(58, 0.01920879334856346)	(60, 0.02038574666347321)	(62, 0.021697127209976536)	(64, 0.02310575298784543)	(66, 0.024438584688326458)	(68, 0.02657940985530081)	(70, 0.03923845085600687)	(72, 0.04229595533629489)	(74, 0.04391480242314523)	(76, 0.04529625673930905)	(78, 0.046687721593995785)	(80, 0.04800339237129465)	(82, 0.04940486776450431)	(84, 0.05072053854180318)	(86, 0.05225930132047012)	(88, 0.054026876408232505)	(90, 0.05588740649656493)	(92, 0.057756517046488424)	(94, 0.05970857205845903)	(96, 0.061952362764526335)	(98, 0.0641432406241153)	(100, 0.06615964909801902)	(102, 0.06810741387919408)	(104, 0.07019389612275825)	(106, 0.07215453159631995)	(108, 0.07492888084410235)	(110, 0.07714407001153271)	(112, 0.07934352833271277)	(114, 0.08182185165560293)	(116, 0.08410854466962563)	(118, 0.08643098960694451)	(120, 0.08915671623904411)	(122, 0.09265754456820458)	(124, 0.09524455373791507)	(126, 0.0981733512943369)	(128, 0.1016083960846324)	(130, 0.10498194756685852)	(132, 0.10792361581566698)	(134, 0.11071226583276783)	(136, 0.11424026562363337)	(138, 0.117236276795852)
SRR36750775_2_paired - polya	(1, 0.004247328487584387)	(2, 0.00955005375087156)	(3, 0.017830199186263343)	(4, 0.031004067882434178)	(5, 0.04331130995790597)	(6, 0.055309655416098905)	(7, 0.0664013320995011)	(8, 0.08450896621054267)	(9, 0.10465589002639751)	(10, 0.1297580304111008)	(12, 0.1546499494868226)	(14, 0.18587853944755672)	(16, 0.21845569195502212)	(18, 0.24806400475197404)	(20, 0.2762994436943532)	(22, 0.3027444263180604)	(24, 0.3279051998569694)	(26, 0.352072069928245)	(28, 0.37543094653302733)	(30, 0.39733400482118975)	(32, 0.41780269594671005)	(34, 0.43754204783698863)	(36, 0.4543912142480052)	(38, 0.4713590770443651)	(40, 0.48858864391925283)	(42, 0.5051560851746957)	(44, 0.5222169029716255)	(46, 0.53822804430058)	(48, 0.553125155699626)	(50, 0.5675217401725257)	(52, 0.5819097441838341)	(54, 0.5969555835837922)	(56, 0.6107987282840672)	(58, 0.624813482216164)	(60, 0.6383062580681365)	(62, 0.65367386477776)	(64, 0.6675813629399682)	(66, 0.6830605156502758)	(68, 0.6991646119798003)	(70, 0.7135955182990642)	(72, 0.7263618150696587)	(74, 0.7381227677571651)	(76, 0.7501454245231995)	(78, 0.7621923925970753)	(80, 0.7734485281276398)	(82, 0.784614568811498)	(84, 0.7984891752042736)	(86, 0.81409131453072)	(88, 0.8278014620763332)	(90, 0.8430932747085689)	(92, 0.8584265595718281)	(94, 0.8721381371943733)	(96, 0.8838733484971064)	(98, 0.8949793259498271)	(100, 0.9064785745588055)	(102, 0.9184883606324532)	(104, 0.9303851706284851)	(106, 0.9414553961579095)	(108, 0.9533636467693962)	(110, 0.9638647016799456)	(112, 0.9741054825888992)	(114, 0.9840030450342094)	(116, 0.994260986866345)	(118, 1.0050823790096284)	(120, 1.016132583462007)	(122, 1.026125961061751)	(124, 1.0365326308947984)	(126, 1.048172027043098)	(128, 1.0590491921867233)	(130, 1.0715108825708346)	(132, 1.0842128258794959)	(134, 1.0973237711906654)	(136, 1.109709667497389)	(138, 1.1209929744896585)
SRR36750775_2_paired - polyg	(1, 0.4735184932114534)	(2, 0.4836005355809719)	(3, 0.4839780758909794)	(4, 0.4843784974318964)	(5, 0.4846873940491753)	(6, 0.4850277523589548)	(7, 0.4854882371310094)	(8, 0.48627191928966135)	(9, 0.48718716852604316)	(10, 0.4886487071503903)	(12, 0.49072803900929535)	(14, 0.4920379894788668)	(16, 0.4927844896372907)	(18, 0.4933465098715064)	(20, 0.4939500023367457)	(22, 0.494609267802327)	(24, 0.4951727181134745)	(26, 0.4957390285784858)	(28, 0.4963596819669072)	(30, 0.49697318497066945)	(32, 0.49758954812829526)	(34, 0.4981787398242161)	(36, 0.4987679315201369)	(38, 0.4993456826006029)	(40, 0.5000135285277753)	(42, 0.5006756541472202)	(44, 0.5012505450738225)	(46, 0.5018468871544026)	(48, 0.5024160577732775)	(50, 0.5029966690076073)	(52, 0.5036344833192108)	(54, 0.5043080495541106)	(56, 0.5049787556351466)	(58, 0.5056251504083413)	(60, 0.5062443737198309)	(62, 0.5069594121857541)	(64, 0.5076058069589489)	(66, 0.5083551672712365)	(68, 0.5091545802761387)	(70, 0.5098181359725156)	(72, 0.5105174435921884)	(74, 0.5113397378280002)	(76, 0.5121134094481293)	(78, 0.5129385638378048)	(80, 0.5139653590748707)	(82, 0.5149892941580727)	(84, 0.5160332503183208)	(86, 0.5170042725550447)	(88, 0.5180911310232481)	(90, 0.5192966858767947)	(92, 0.5204908001148867)	(94, 0.5218164814307085)	(96, 0.5228775985141387)	(98, 0.524123195521777)	(100, 0.5253502015293015)	(102, 0.5265600466136435)	(104, 0.527712688620712)	(106, 0.5290083383209649)	(108, 0.5304312648681524)	(110, 0.5319285554157958)	(112, 0.5333586323476422)	(114, 0.5349159861264232)	(116, 0.5364576090589539)	(118, 0.5381408096077374)	(120, 0.5397725273869742)	(122, 0.5415758543980329)	(124, 0.5433248384856812)	(126, 0.5451624873431041)	(128, 0.5471903364324626)	(130, 0.549236776521935)	(132, 0.5512946572268623)	(134, 0.5533267965470163)	(136, 0.5555462759452423)	(138, 0.5577371538048312)
SRR36750776_1_paired - polya	(1, 0.002374096885303447)	(2, 0.005650408421294683)	(3, 0.007307360327846297)	(4, 0.009849176603341704)	(5, 0.012625221682381059)	(6, 0.014950159436076516)	(7, 0.017818739351083846)	(8, 0.02381904512088245)	(9, 0.03329229895310424)	(10, 0.041770803298670264)	(12, 0.048294509234412746)	(14, 0.058350443361870404)	(16, 0.0695312540890638)	(18, 0.07759479752958592)	(20, 0.08649115449381983)	(22, 0.0952472633472898)	(24, 0.10482317301316357)	(26, 0.11556299741269707)	(28, 0.12613365656522663)	(30, 0.13463963219022063)	(32, 0.14274221376466673)	(34, 0.15087226661854083)	(36, 0.15809576725129115)	(38, 0.1651833573437135)	(40, 0.17327292620685164)	(42, 0.18140587077434972)	(44, 0.19103527714226748)	(46, 0.19939811294287352)	(48, 0.20758166249879162)	(50, 0.21584328832255772)	(52, 0.22386056434509582)	(54, 0.2321612283027859)	(56, 0.23919676754997626)	(58, 0.2463465294853146)	(60, 0.2534673742844129)	(62, 0.2620673306021869)	(64, 0.2708798278713249)	(66, 0.28178737166105033)	(68, 0.2927122657325198)	(70, 0.30200189574961767)	(72, 0.30970975841438786)	(74, 0.3164778141513582)	(76, 0.32377071591108453)	(78, 0.33114458565228283)	(80, 0.3373964705073694)	(82, 0.3441732013852118)	(84, 0.3536797099241096)	(86, 0.36466677583849505)	(88, 0.3741573799524608)	(90, 0.38479021094790633)	(92, 0.3959768051023477)	(94, 0.4069074826010652)	(96, 0.4151792294225153)	(98, 0.4224865897503616)	(100, 0.43016408942207973)	(102, 0.4386859694720058)	(104, 0.4471066395450918)	(106, 0.45467569995591006)	(108, 0.4642414886240998)	(110, 0.4728212029465058)	(112, 0.48036712964833206)	(114, 0.48776847066895834)	(116, 0.49536211064558056)	(118, 0.5036540994623986)	(120, 0.5122930939140966)	(122, 0.519434180708563)	(124, 0.5286139256079487)	(126, 0.5383951469411266)	(128, 0.5478250250689883)	(130, 0.5591836761840576)	(132, 0.570778001959483)	(134, 0.583456720343908)	(136, 0.5953792556156572)	(138, 0.6054800113042869)
SRR36750776_1_paired - polyg	(1, 0.0)	(2, 0.0)	(3, 0.00017061110381596023)	(4, 0.0002718210806559367)	(5, 0.0003788144847439117)	(6, 0.0005089415978238814)	(7, 0.0006997946970078369)	(8, 0.0011653605904717284)	(9, 0.0018680470011035646)	(10, 0.0024478355827154295)	(12, 0.0031172672866712735)	(14, 0.0038604376880391)	(16, 0.00446625169226696)	(18, 0.005038810989818825)	(20, 0.005641733280422685)	(22, 0.006188267155358558)	(24, 0.00669720875318244)	(26, 0.007099156946918346)	(28, 0.007600869260682229)	(30, 0.008222587689842083)	(32, 0.009019254793253897)	(34, 0.009800017471733716)	(36, 0.010819346524193479)	(38, 0.011643484907033286)	(40, 0.012373642597093117)	(42, 0.01321802297530092)	(44, 0.0141563840462887)	(46, 0.015031127417548498)	(48, 0.015934787925048287)	(50, 0.016871703139224068)	(52, 0.017875127766751833)	(54, 0.018949399378067583)	(56, 0.020064154980119327)	(58, 0.02115866858680307)	(60, 0.022347162886266793)	(62, 0.023515415190362522)	(64, 0.024648966930970254)	(66, 0.02592276678234196)	(68, 0.02811034813889745)	(70, 0.05016400209232831)	(72, 0.05854707988830236)	(74, 0.060779482806029836)	(76, 0.06238293801053746)	(78, 0.06395024679474509)	(80, 0.06547417987459274)	(82, 0.06702703009068038)	(84, 0.06858277202039201)	(86, 0.07013417637966765)	(88, 0.07178679071578328)	(90, 0.07344229676552289)	(92, 0.07517009565586248)	(94, 0.07696440395955406)	(96, 0.07893799850793361)	(98, 0.0806961603913252)	(100, 0.08246588912921278)	(102, 0.08428911456914435)	(104, 0.08620632070185591)	(106, 0.08821316995691145)	(108, 0.09056991656047089)	(110, 0.0927531603465904)	(112, 0.0948539902944259)	(114, 0.09714856505506936)	(116, 0.09929710827770086)	(118, 0.10152661948180433)	(120, 0.1038211942424478)	(122, 0.10654374261944316)	(124, 0.10886578865951463)	(126, 0.11149001877329402)	(128, 0.11421401300710138)	(130, 0.11741369413205663)	(132, 0.12024323591313998)	(134, 0.12307133183741131)	(136, 0.12594424932285464)	(138, 0.12862053028186604)
SRR36750776_2_paired - polya	(1, 0.004192984754799023)	(2, 0.008354160659734053)	(3, 0.015007993708556502)	(4, 0.025776735244329992)	(5, 0.03634594854004753)	(6, 0.04571510068180535)	(7, 0.05547752587642707)	(8, 0.07117663914111941)	(9, 0.09015495565542699)	(10, 0.11256573624142177)	(12, 0.13473361288300062)	(14, 0.16113062069967843)	(16, 0.18843418073748008)	(18, 0.2123038308467825)	(20, 0.23552139953387313)	(22, 0.25789603369956793)	(24, 0.27966919143147084)	(26, 0.30142355302481777)	(28, 0.32250269948696086)	(30, 0.3411108766573965)	(32, 0.35929686363872826)	(34, 0.3771025902785041)	(36, 0.3930388240603644)	(38, 0.4084516576762808)	(40, 0.42394979684410516)	(42, 0.4398339797807335)	(44, 0.4561909578948857)	(46, 0.4712466648782382)	(48, 0.48566041143706284)	(50, 0.4996389550954755)	(52, 0.5129798758997965)	(54, 0.5268658847222412)	(56, 0.5392395273193343)	(58, 0.5521929584980394)	(60, 0.5642282706011246)	(62, 0.5780622285783372)	(64, 0.5909766216231183)	(66, 0.6063272833961187)	(68, 0.622306892882339)	(70, 0.6360107237464718)	(72, 0.647687463360181)	(74, 0.6585082557411865)	(76, 0.6700389638168838)	(78, 0.6817778752735091)	(80, 0.6919220066664987)	(82, 0.7025533918051323)	(84, 0.7156817716580892)	(86, 0.7303210718795858)	(88, 0.7428089371648269)	(90, 0.7567788056823677)	(92, 0.7714253351879242)	(94, 0.785432795982577)	(96, 0.7968883195040503)	(98, 0.8070830558854599)	(100, 0.8179833703911255)	(102, 0.8294186519172306)	(104, 0.8403218581365202)	(106, 0.8505874415017178)	(108, 0.862570702759571)	(110, 0.8732555846002485)	(112, 0.8831799457578142)	(114, 0.892744288569192)	(116, 0.9027207005719896)	(118, 0.9131120734798313)	(120, 0.9241468526690126)	(122, 0.9338095137436064)	(124, 0.9445970514179358)	(126, 0.9561986064774212)	(128, 0.9672724238005266)	(130, 0.9799381294736437)	(132, 0.9930809678947206)	(134, 1.0072951862134891)	(136, 1.020991787793562)	(138, 1.0325673174304313)
SRR36750776_2_paired - polyg	(1, 0.5507239679770477)	(2, 0.5625684269809489)	(3, 0.5631005022877648)	(4, 0.5636325775945806)	(5, 0.5641154937697885)	(6, 0.5646157602267404)	(7, 0.5653329052054923)	(8, 0.566428864668988)	(9, 0.5678805049082356)	(10, 0.5699553094334552)	(12, 0.5728773860505065)	(14, 0.5747309744834901)	(16, 0.5756837941225978)	(18, 0.5763879263900418)	(20, 0.5770602498076215)	(22, 0.5779292097516333)	(24, 0.5786868387211211)	(26, 0.579367837279573)	(28, 0.5801457082444288)	(30, 0.5808729742208647)	(32, 0.5817621761602445)	(34, 0.5825906521135202)	(36, 0.583514554616388)	(38, 0.5843025465789278)	(40, 0.5851064429663997)	(42, 0.5859146769243075)	(44, 0.5867344777367113)	(46, 0.587496444276635)	(48, 0.588206359971327)	(50, 0.5889856767929947)	(52, 0.5898647577346905)	(54, 0.5906860044039064)	(56, 0.5915274930684902)	(58, 0.592292351322038)	(60, 0.5930528720051498)	(62, 0.5938842396720496)	(64, 0.5947170531957614)	(66, 0.5955122744423612)	(68, 0.5964260559475449)	(70, 0.5973007993188049)	(72, 0.5980931288517806)	(74, 0.5989042545233124)	(76, 0.5998570741624202)	(78, 0.600848931935452)	(80, 0.6020316428076677)	(82, 0.6031637486914634)	(84, 0.6044910452448791)	(86, 0.6058284627959788)	(88, 0.6071196129290946)	(90, 0.6084454636256982)	(92, 0.6097568557541819)	(94, 0.6111651202890696)	(96, 0.6125704931103333)	(98, 0.613997553783777)	(100, 0.6154231686004086)	(102, 0.6170078276663602)	(104, 0.6187023718500237)	(106, 0.6204981260105273)	(108, 0.622120377353591)	(110, 0.6237353994125946)	(112, 0.6253981347463943)	(114, 0.6271967806205219)	(116, 0.6290532607671293)	(118, 0.630918416054609)	(120, 0.6328124884783286)	(122, 0.6349075349989161)	(124, 0.6369563141015195)	(126, 0.639067265047039)	(128, 0.6411738784221226)	(130, 0.643491586891758)	(132, 0.6458136329318296)	(134, 0.6481139911197209)	(136, 0.6505401388502564)	(138, 0.6528188091859679)
SRR36750778_1_paired - polya	(1, 0.0027643324418938423)	(2, 0.00574590741054244)	(3, 0.007263456655408991)	(4, 0.009769616819130515)	(5, 0.011850737256592737)	(6, 0.0133871771559597)	(7, 0.015030664097495676)	(8, 0.020370422436279224)	(9, 0.027363113043848957)	(10, 0.034585639947840384)	(12, 0.039851409889830644)	(14, 0.0499516131627184)	(16, 0.06395431081114991)	(18, 0.07200015540711768)	(20, 0.08099053272810615)	(22, 0.09002813668534564)	(24, 0.0982077900840247)	(26, 0.10647559987037233)	(28, 0.11447579205129745)	(30, 0.12121818148673669)	(32, 0.12832579024251728)	(34, 0.13620634161160644)	(36, 0.1429534537106708)	(38, 0.15047350842304374)	(40, 0.159073478884357)	(42, 0.16696977246552983)	(44, 0.17538555904546405)	(46, 0.18404220147027853)	(48, 0.1914583575828992)	(50, 0.1992239908037775)	(52, 0.20825844631860027)	(54, 0.2191284437623799)	(56, 0.22758516009373164)	(58, 0.23585926676491276)	(60, 0.24412392810884365)	(62, 0.25386678316743194)	(64, 0.26324599312688723)	(66, 0.2724457418685886)	(68, 0.28069466100043583)	(70, 0.28900182631699267)	(72, 0.2967438462197455)	(74, 0.30397424422977876)	(76, 0.3118217369534922)	(78, 0.319747940737624)	(80, 0.32661311942731597)	(82, 0.3346148858294494)	(84, 0.34601382159924066)	(86, 0.3577527891500392)	(88, 0.366757334461903)	(90, 0.37647185353874063)	(92, 0.3847916126249644)	(94, 0.3947044835740564)	(96, 0.40200729575967464)	(98, 0.4084143760777315)	(100, 0.41538030492475897)	(102, 0.42288146898263157)	(104, 0.4298899018022849)	(106, 0.4372729992695299)	(108, 0.4451598475234525)	(110, 0.45202502621314444)	(112, 0.4582841297376148)	(114, 0.46515717953334856)	(116, 0.47274335153647296)	(118, 0.48121581007990843)	(120, 0.489556034041841)	(122, 0.4969847839241286)	(124, 0.5050573902806386)	(126, 0.5144854010975533)	(128, 0.5233687313763727)	(130, 0.5340262089570227)	(132, 0.5446396083438384)	(134, 0.5549869643464398)	(136, 0.5642339397243923)	(138, 0.5720593933511886)
SRR36750778_2_paired - polya	(1, 0.005201226872447184)	(2, 0.00971609329804601)	(3, 0.017461261643215546)	(4, 0.02980630435923577)	(5, 0.04139572089523945)	(6, 0.05200597183963837)	(7, 0.06237694116036538)	(8, 0.07931870980481956)	(9, 0.0981338016872314)	(10, 0.12178332690054074)	(12, 0.14504401947538323)	(14, 0.17513210943091684)	(16, 0.20742725752058208)	(18, 0.23322402046210508)	(20, 0.2588633612827913)	(22, 0.28454678029731184)	(24, 0.3080561998230764)	(26, 0.3299410230618055)	(28, 0.3518085298672425)	(30, 0.37155713492621645)	(32, 0.39117980228852095)	(34, 0.41008777322222645)	(36, 0.42759783572290144)	(38, 0.4446749873912752)	(40, 0.4627785312875048)	(42, 0.479078017678945)	(44, 0.4954939964398043)	(46, 0.5116297638255742)	(48, 0.5268383149196154)	(50, 0.541500611254353)	(52, 0.5571735576048626)	(54, 0.5759870752660663)	(56, 0.5910618175573962)	(58, 0.6052345310963314)	(60, 0.6194717877048097)	(62, 0.6351777927006952)	(64, 0.6503863437947364)	(66, 0.6654374727679409)	(68, 0.6793897953377046)	(70, 0.6922134013010687)	(72, 0.7048008740831775)	(74, 0.7172986162564094)	(76, 0.7300151751776045)	(78, 0.7429552735103877)	(80, 0.7550201048513184)	(82, 0.7685820205614069)	(84, 0.7849979993222662)	(86, 0.8011353409292445)	(88, 0.8146248424637481)	(90, 0.828218242598004)	(92, 0.8401650073483071)	(94, 0.8530736212569231)	(96, 0.8646158111566757)	(98, 0.8750166906803617)	(100, 0.8861684737204392)	(102, 0.8974824015449785)	(104, 0.9084405553764267)	(106, 0.9189909859149077)	(108, 0.9307472698989983)	(110, 0.9412819582253955)	(112, 0.9511066727868189)	(114, 0.9612525284747493)	(116, 0.9716660017681022)	(118, 0.9824824756907974)	(120, 0.9927715855086893)	(122, 1.0024924014703605)	(124, 1.0135812156621031)	(126, 1.0251643353132733)	(128, 1.037159900921036)	(130, 1.050222788508072)	(132, 1.0628858239081824)	(134, 1.0756275703687113)	(136, 1.0874263583254278)	(138, 1.0980696679152024)
SRR36750778_2_paired - polyg	(1, 0.5008321805573794)	(2, 0.515746352285456)	(3, 0.5162658452842173)	(4, 0.5167790413981452)	(5, 0.517270198415156)	(6, 0.5177487616624997)	(7, 0.5183658563761799)	(8, 0.5195244831855387)	(9, 0.5207901570370663)	(10, 0.5224116048816851)	(12, 0.5246249599006503)	(14, 0.5258859110885529)	(16, 0.5266116270656104)	(18, 0.5271862178066646)	(20, 0.5277482147780519)	(22, 0.5283999423583163)	(24, 0.528998146417496)	(26, 0.5295806082645921)	(28, 0.5301835349873969)	(30, 0.5307345124103257)	(32, 0.5313295680270886)	(34, 0.5319025845469345)	(36, 0.5324488393062382)	(38, 0.5329541643141242)	(40, 0.5335429230460538)	(42, 0.5341159395658996)	(44, 0.5346338583434527)	(46, 0.5351690935542978)	(48, 0.535696457659101)	(50, 0.5362253959851124)	(52, 0.5367165530021232)	(54, 0.5374406947579724)	(56, 0.5381365005320711)	(58, 0.5387000717246667)	(60, 0.5392101193961778)	(62, 0.5397973039068991)	(64, 0.5403482813298277)	(66, 0.5408913876467146)	(68, 0.541453384618102)	(70, 0.5421302997377001)	(72, 0.5427521171150054)	(74, 0.5434101415801031)	(76, 0.544072888708826)	(78, 0.5448867610735522)	(80, 0.5457588796229879)	(82, 0.5466939670207583)	(84, 0.5475534918005271)	(86, 0.5484413525620466)	(88, 0.5493544008628999)	(90, 0.550275320269795)	(92, 0.5511143801738552)	(94, 0.5520053893777912)	(96, 0.552924734563478)	(98, 0.5538204664310393)	(100, 0.5547602764924349)	(102, 0.5556922154477886)	(104, 0.5567516663210201)	(106, 0.5578300078487521)	(108, 0.5589776151096522)	(110, 0.5601000348312184)	(112, 0.5612287514376182)	(114, 0.5624298822196028)	(116, 0.56359952857742)	(118, 0.5648274211199469)	(120, 0.5661214309532252)	(122, 0.5675098940590058)	(124, 0.5689754940039962)	(126, 0.5704710041519454)	(128, 0.5720373542542714)	(130, 0.5736887123018493)	(132, 0.5754486916128044)	(134, 0.5772952530902199)	(136, 0.5791795958766361)	(138, 0.5810560675570104)
SRR36750779_1_paired - polya	(1, 0.002070041424519396)	(2, 0.004637203491324876)	(3, 0.005977098972486586)	(4, 0.008148118027470343)	(5, 0.010218159451989738)	(6, 0.011841569049455231)	(7, 0.013744609008206647)	(8, 0.018917770691996207)	(9, 0.026118252495108702)	(10, 0.032712868515435034)	(12, 0.03827052194599274)	(14, 0.04809836401868754)	(16, 0.060320541059893054)	(18, 0.06890363964936372)	(20, 0.07745372632118258)	(22, 0.08634364155706419)	(24, 0.09543939580889238)	(26, 0.10402055252085413)	(28, 0.11192205210469033)	(30, 0.11980024915841941)	(32, 0.12655798288949588)	(34, 0.1335934051043493)	(36, 0.13986566945819326)	(38, 0.14587772222584058)	(40, 0.1537073723418464)	(42, 0.16097581985777146)	(44, 0.16915889168040255)	(46, 0.1770701006517834)	(48, 0.18414630229432438)	(50, 0.19117201512163318)	(52, 0.1985919290832548)	(54, 0.20771292774269906)	(56, 0.21464154669456137)	(58, 0.22115848761453047)	(60, 0.22857645969864315)	(62, 0.23673428711365813)	(64, 0.2449367777113785)	(66, 0.2542286615916086)	(68, 0.262710782550615)	(70, 0.2701501152873258)	(72, 0.27719136313470605)	(74, 0.28379374666506807)	(76, 0.29142338339765417)	(78, 0.298724842831231)	(80, 0.3048475826168873)	(82, 0.31221894964078567)	(84, 0.3229089853274454)	(86, 0.33374271994976595)	(88, 0.3425005875150403)	(90, 0.35222162632474396)	(92, 0.3609251213197683)	(94, 0.37015486511971263)	(96, 0.3774621501858163)	(98, 0.384019870533473)	(100, 0.3909348963427728)	(102, 0.3985509399327963)	(104, 0.4061359134826769)	(106, 0.4129616129265659)	(108, 0.42110973095403625)	(110, 0.4283005033696041)	(112, 0.43490288689996615)	(114, 0.44141011843239064)	(116, 0.4486300190105924)	(118, 0.45658589116467874)	(120, 0.4640524101865146)	(122, 0.4709266565681269)	(124, 0.478913598762356)	(126, 0.48817635447995217)	(128, 0.49696335020786053)	(130, 0.506995089418993)	(132, 0.516898664714536)	(134, 0.527553746606035)	(136, 0.5368320373437026)	(138, 0.5446888737448334)
SRR36750779_1_paired - polyg	(1, 0.0)	(2, 0.0)	(3, 6.990759032148053e-05)	(4, 0.00011262889551794087)	(5, 0.0001941877508930015)	(6, 0.000264095341214482)	(7, 0.000388375501786003)	(8, 0.0006602383530362051)	(9, 0.0009515199793757073)	(10, 0.00128940666592953)	(12, 0.0016311771075012125)	(14, 0.0019962500791800555)	(16, 0.0022972410930642076)	(18, 0.00257881333185906)	(20, 0.002856501815636052)	(22, 0.003204097889734525)	(24, 0.0035575195963597874)	(26, 0.0039051156704582603)	(28, 0.004258537377083522)	(30, 0.004641087246342736)	(32, 0.00523918551909318)	(34, 0.005672224203584574)	(36, 0.006124681663165267)	(38, 0.006621802305451351)	(40, 0.007047073479907025)	(42, 0.007499530939487718)	(44, 0.008010244724336313)	(46, 0.008552028549327786)	(48, 0.00912876616948)	(50, 0.009604526159167855)	(52, 0.010123007454052167)	(54, 0.010825967112284833)	(56, 0.011594950605821119)	(58, 0.012445492954732466)	(60, 0.013235837100866982)	(62, 0.014004820594403267)	(64, 0.014867014208368196)	(66, 0.01584766235037785)	(68, 0.019162447258121388)	(70, 0.03902785417447544)	(72, 0.0424999311604423)	(74, 0.04392721112950587)	(76, 0.04501077877948882)	(78, 0.046038031981712794)	(80, 0.04721480975212439)	(82, 0.048393529400044905)	(84, 0.049574190925474354)	(86, 0.05074902681837701)	(88, 0.05202484034174403)	(90, 0.05332007264020035)	(92, 0.05474152697673712)	(94, 0.055995979847505914)	(96, 0.05760579630240889)	(98, 0.05906803006663319)	(100, 0.06061764831875935)	(102, 0.06221581350860875)	(104, 0.06394214261404754)	(106, 0.06560438976169164)	(108, 0.06816184244095246)	(110, 0.07012119684746285)	(112, 0.07190189852315167)	(114, 0.07392145113243888)	(116, 0.07582837484620816)	(118, 0.07795473071848652)	(120, 0.08087725636942619)	(122, 0.08410077303425002)	(124, 0.08615916319371583)	(126, 0.08884477978856604)	(128, 0.09152457075088946)	(130, 0.09475391304824007)	(132, 0.09762594988394757)	(134, 0.10021253072584235)	(136, 0.10362829326405026)	(138, 0.10661878462780247)
SRR36750779_2_paired - polya	(1, 0.004396410680217554)	(2, 0.008218025617791823)	(3, 0.017756527941656056)	(4, 0.03152055572495201)	(5, 0.04538167738369445)	(6, 0.057770855890667945)	(7, 0.07016780190767716)	(8, 0.08858456820236943)	(9, 0.10879562931531302)	(10, 0.13488281177027883)	(12, 0.16138943976717357)	(14, 0.19338769735932232)	(16, 0.22748706641613342)	(18, 0.25598994449220813)	(20, 0.2833743011231392)	(22, 0.30967703198159624)	(24, 0.3358613083120086)	(26, 0.36035226745463395)	(28, 0.38398880049333006)	(30, 0.40571840981825696)	(32, 0.42700721294865673)	(34, 0.4468745617425197)	(36, 0.46494567384062246)	(38, 0.4818866132285279)	(40, 0.5000684123446396)	(42, 0.5174346229070007)	(44, 0.5344299348651562)	(46, 0.55055722757682)	(48, 0.5662242953188674)	(50, 0.5813418117258875)	(52, 0.5967680866568276)	(54, 0.6149460020179214)	(56, 0.6301042978526291)	(58, 0.6446916816997114)	(60, 0.6590732265308471)	(62, 0.6745849440721801)	(64, 0.689710227989236)	(66, 0.7053753538537744)	(68, 0.7200229359036334)	(70, 0.7335422871208043)	(72, 0.7469859051151266)	(74, 0.7594780031300735)	(76, 0.7717992159242345)	(78, 0.7850855418403335)	(80, 0.7971271242732086)	(82, 0.8102192624384148)	(84, 0.8257193287146942)	(86, 0.8410271491175896)	(88, 0.854468825234403)	(90, 0.8681629454273776)	(92, 0.881136629064539)	(94, 0.8953511724299066)	(96, 0.9071577876842012)	(98, 0.9179196728386914)	(100, 0.9290912941475656)	(102, 0.9408105249139583)	(104, 0.9527627809814225)	(106, 0.963516898625877)	(108, 0.9758497626850915)	(110, 0.9870369190140373)	(112, 0.9971560427130717)	(114, 1.0076052855886242)	(116, 1.018042877199123)	(118, 1.0289814732069256)	(120, 1.0401492107607822)	(122, 1.0502625088272897)	(124, 1.0613642225458426)	(126, 1.0732892923281818)	(128, 1.084660927020476)	(130, 1.0976249012700927)	(132, 1.1112374626076922)	(134, 1.1247645813348988)	(136, 1.1374722277533367)	(138, 1.1489700844837114)
SRR36750779_2_paired - polyg	(1, 0.4658836006774356)	(2, 0.4796165584205887)	(3, 0.48002046894244615)	(4, 0.4803622393840178)	(5, 0.4806651722754109)	(6, 0.48102247773705403)	(7, 0.4814419232789829)	(8, 0.4822031392624835)	(9, 0.4831235892017163)	(10, 0.48427318068700287)	(12, 0.4861762206457543)	(14, 0.48714133376769253)	(16, 0.48756660494214815)	(18, 0.4880190624017289)	(20, 0.48841132165853274)	(22, 0.48881911593540806)	(24, 0.4892113751922119)	(26, 0.4896152857140693)	(28, 0.49017260455913225)	(30, 0.4905881663460433)	(32, 0.4909979025004275)	(34, 0.49135520796207066)	(36, 0.4917979560341067)	(38, 0.4922620647587409)	(40, 0.4926601496480716)	(42, 0.49303881576231295)	(44, 0.49346214505925967)	(46, 0.4939281956614029)	(48, 0.4943243386732246)	(50, 0.49472242356255525)	(52, 0.4951107990643413)	(54, 0.49567005978691314)	(56, 0.4962370880195207)	(58, 0.496755569314405)	(60, 0.4972429805691464)	(62, 0.497837195086879)	(64, 0.49838286266688836)	(66, 0.49883532012646903)	(68, 0.4993809877064784)	(70, 0.49999656287680916)	(72, 0.5006296149447205)	(74, 0.501221887584944)	(76, 0.5018782421829624)	(78, 0.5026569350640433)	(80, 0.5036065131659101)	(82, 0.5045502656352501)	(84, 0.5055309137772597)	(86, 0.5064960268991979)	(88, 0.5074300699809933)	(90, 0.5083854737153869)	(92, 0.5095137045480752)	(94, 0.5104458057523615)	(96, 0.5114750008320945)	(98, 0.5125061377893363)	(100, 0.5135062047064354)	(102, 0.514430538400686)	(104, 0.5155840136409904)	(106, 0.5167025350861341)	(108, 0.5180696168524208)	(110, 0.5193823260484576)	(112, 0.520759117202289)	(114, 0.5221786296613167)	(116, 0.5236292121604875)	(118, 0.5251497022499797)	(120, 0.5264876558536324)	(122, 0.5279479477403478)	(124, 0.5294820309724025)	(126, 0.5310918474273055)	(128, 0.5327929321251281)	(130, 0.534602761963451)	(132, 0.5365873607775775)	(134, 0.5385739014692128)	(136, 0.5406342335061876)	(138, 0.5426693211355462)
SRR36750780_1_paired - polya	(1, 0.0024449866758600933)	(2, 0.005183925073711852)	(3, 0.006792013905783908)	(4, 0.009364956037099198)	(5, 0.011287746124479978)	(6, 0.012999582623137327)	(7, 0.014853207599461245)	(8, 0.019625600262384767)	(9, 0.026829146578957005)	(10, 0.033887446162309834)	(12, 0.039752647579931785)	(14, 0.051519362098480535)	(16, 0.06670629135879114)	(18, 0.07709662016730834)	(20, 0.08774458901451232)	(22, 0.09748649490687143)	(24, 0.10713156964375092)	(26, 0.11644638097533389)	(28, 0.125195767524027)	(30, 0.13340393707870019)	(32, 0.14090489337281692)	(34, 0.1490093152609048)	(36, 0.15615407123307873)	(38, 0.16362563235499628)	(40, 0.172726031842303)	(42, 0.18148579315765465)	(44, 0.19063633735047758)	(46, 0.19873211359968335)	(48, 0.20618984169938953)	(50, 0.213554196899169)	(52, 0.22230704170341498)	(54, 0.23264376755086308)	(56, 0.24103176639428409)	(58, 0.24919670775454672)	(60, 0.2576504134534717)	(62, 0.26781941390660696)	(64, 0.27707024751046233)	(66, 0.2874104316134633)	(68, 0.29703648594480214)	(70, 0.3052654050327924)	(72, 0.31332659872646973)	(74, 0.32039181482092827)	(76, 0.3286345669311298)	(78, 0.3366732819637137)	(80, 0.34341342203620495)	(82, 0.35153340607428063)	(84, 0.36305631357635393)	(86, 0.3757619444774996)	(88, 0.3858963623751064)	(90, 0.3959443238838921)	(92, 0.4052487604488165)	(94, 0.4147935457746636)	(96, 0.4224535818242111)	(98, 0.42882887593587743)	(100, 0.4359131124358766)	(102, 0.44385672544075727)	(104, 0.45119168546833754)	(106, 0.45844710561820246)	(108, 0.4665809226784895)	(110, 0.4736063688340903)	(112, 0.4802600525177605)	(114, 0.48726302001226784)	(116, 0.49502334547284776)	(118, 0.5035289250050654)	(120, 0.5118736956540759)	(122, 0.5193884849704041)	(124, 0.5273303688475084)	(126, 0.536717803545701)	(128, 0.5460360731328369)	(130, 0.5562327396303948)	(132, 0.566930853183115)	(134, 0.5778105251523595)	(136, 0.5875437854058365)	(138, 0.595601520843961)
SRR36750780_2_paired - polya	(1, 0.00573378770661391)	(2, 0.009873319603367138)	(3, 0.020199670684156724)	(4, 0.034153731839878756)	(5, 0.04769626058481245)	(6, 0.05962378398656841)	(7, 0.07167580458822673)	(8, 0.08974518985183208)	(9, 0.11148032600145115)	(10, 0.13973427386817955)	(12, 0.16833231816241578)	(14, 0.202520632557823)	(16, 0.23965710981202892)	(18, 0.27076757676540575)	(20, 0.3012088712693074)	(22, 0.33016830326881574)	(24, 0.3574746891140651)	(26, 0.3816046672340281)	(28, 0.40635367309794995)	(30, 0.42890495755804003)	(32, 0.4513611399904268)	(34, 0.4728282613347006)	(36, 0.49230861486386596)	(38, 0.5112304601212472)	(40, 0.530909663344701)	(42, 0.5496793453577571)	(44, 0.5682138659932198)	(46, 0.5855881418907036)	(48, 0.6020286887889199)	(50, 0.6183620297649981)	(52, 0.6352504207573075)	(54, 0.6549538317696312)	(56, 0.6715569166788311)	(58, 0.6870256937666983)	(60, 0.7024183892324032)	(62, 0.7200157226130455)	(64, 0.7363127519058187)	(66, 0.7526339889874618)	(68, 0.7677137123256343)	(70, 0.7816798773757914)	(72, 0.7956218346370785)	(74, 0.8086992280101546)	(76, 0.8216348329055644)	(78, 0.8357773689889164)	(80, 0.8485158533178141)	(82, 0.8625096844123938)	(84, 0.8791127693215937)	(86, 0.8959043291584234)	(88, 0.9102145906360883)	(90, 0.9248724067968139)	(92, 0.9386743047082109)	(94, 0.9527079057416483)	(96, 0.9645593475212417)	(98, 0.9758142402179697)	(100, 0.9875100604976852)	(102, 0.9997557434103027)	(104, 1.0116815376842823)	(106, 1.0227790797533558)	(108, 1.0355365844877942)	(110, 1.0469073287455424)	(112, 1.0577576055425877)	(114, 1.0688862719116368)	(116, 1.0799250236363123)	(118, 1.0919078791269134)	(120, 1.1028999444016254)	(122, 1.1132971897212482)	(124, 1.124463896901379)	(126, 1.136503813608602)	(128, 1.1481252813939316)	(130, 1.161593457644479)	(132, 1.1758051588388878)	(134, 1.1903038952441827)	(136, 1.203363997339495)	(138, 1.214430415108593)
SRR36750780_2_paired - polyg	(1, 0.5703527970526533)	(2, 0.5869939227729344)	(3, 0.587488453316991)	(4, 0.5878826944500151)	(5, 0.5884429318495757)	(6, 0.5890100857602419)	(7, 0.589826234070713)	(8, 0.5911092468808178)	(9, 0.5927277104795483)	(10, 0.5944879625559455)	(12, 0.5972701291482079)	(14, 0.5989819656468651)	(16, 0.5998396130239703)	(18, 0.6004517242568235)	(20, 0.6010759393841116)	(22, 0.6017848817724445)	(24, 0.6024350338163791)	(26, 0.603083456732537)	(28, 0.6037647330764472)	(30, 0.6043958647148411)	(32, 0.6051186401253852)	(34, 0.6057808960637547)	(36, 0.6064051111910429)	(38, 0.6069705359739328)	(40, 0.6075601685456926)	(42, 0.6080910107730539)	(44, 0.6085838121893341)	(46, 0.6091111961611426)	(48, 0.609633392749622)	(50, 0.6100916116103737)	(52, 0.6106068916877473)	(54, 0.6112518563483526)	(56, 0.6119435074589212)	(58, 0.6125072031140346)	(60, 0.6131590842857455)	(62, 0.6138576519074199)	(64, 0.6144766796513788)	(66, 0.6150369170509393)	(68, 0.6155954253227236)	(70, 0.6161677666167191)	(72, 0.6167988982551129)	(74, 0.6174490502990475)	(76, 0.6180248498485958)	(78, 0.6187182300869409)	(80, 0.6195482114196232)	(82, 0.6203211315356837)	(84, 0.6211026972906262)	(86, 0.6219499699010729)	(88, 0.6228906154114462)	(90, 0.6237603666829862)	(92, 0.6246422218489611)	(94, 0.6256243664259686)	(96, 0.6265459915308014)	(98, 0.6275194904689267)	(100, 0.628337367907174)	(102, 0.6292503473731246)	(104, 0.6302428667167906)	(106, 0.6311938869938225)	(108, 0.6322486549374395)	(110, 0.6333362763088088)	(112, 0.634399689891308)	(114, 0.6355322685848642)	(116, 0.6366977007061723)	(118, 0.6379046318941146)	(120, 0.6391357708709267)	(122, 0.6403945758921616)	(124, 0.6417052547466892)	(126, 0.6430833695844972)	(128, 0.6446828127776871)	(130, 0.6463773579985803)	(132, 0.6480494245583799)	(134, 0.6497543445459315)	(136, 0.6515301587723166)	(138, 0.6533422846820063)
SRR36750781_1_paired - polya	(1, 0.0023599158574314676)	(2, 0.0054103651633421275)	(3, 0.007047712515406193)	(4, 0.009393390569776233)	(5, 0.011735509173380917)	(6, 0.013347940370087486)	(7, 0.015270043783380084)	(8, 0.02053447146534259)	(9, 0.028283395781524043)	(10, 0.03572086815573679)	(12, 0.04194456781896291)	(14, 0.055548788644156084)	(16, 0.07240456774350257)	(18, 0.08451025979648058)	(20, 0.0971071560550778)	(22, 0.10732277975165141)	(24, 0.11849055652795795)	(26, 0.12816514370819737)	(28, 0.13778277967619107)	(30, 0.14755881120324316)	(32, 0.15619047930923305)	(34, 0.16444662535947785)	(36, 0.17165451315932506)	(38, 0.17846552219883505)	(40, 0.18717371849628012)	(42, 0.19516112601374047)	(44, 0.20399390308797305)	(46, 0.21229810172355013)	(48, 0.21965726618092501)	(50, 0.22675837045781158)	(52, 0.2343186438834291)	(54, 0.24436163421788293)	(56, 0.25284024594096255)	(58, 0.2604094179934935)	(60, 0.26862285063455393)	(62, 0.2776158029932276)	(64, 0.28646459759590426)	(66, 0.2963331748428556)	(68, 0.3049755213011416)	(70, 0.31334379005049506)	(72, 0.3215625618677036)	(74, 0.32843230184484196)	(76, 0.3358163824575744)	(78, 0.34365429304288975)	(80, 0.3501912243734673)	(82, 0.35813235903097795)	(84, 0.3695617554385382)	(86, 0.3818258430505746)	(88, 0.391605434028392)	(90, 0.4016448649120805)	(92, 0.41179819822026037)	(94, 0.4215030407320053)	(96, 0.4295296022078846)	(98, 0.436305016739741)	(100, 0.44409309501434135)	(102, 0.4519701595580757)	(104, 0.4599504481740053)	(106, 0.46702663629553437)	(108, 0.47562093016848805)	(110, 0.4831331510087733)	(112, 0.4902627308917827)	(114, 0.4976930843644647)	(116, 0.5056039636904699)	(118, 0.514322838340211)	(120, 0.5225700857635425)	(122, 0.529687207568873)	(124, 0.5383064175971842)	(126, 0.5475805665663209)	(128, 0.5567390333855837)	(130, 0.5674903544223435)	(132, 0.5784926167380608)	(134, 0.5897440406073533)	(136, 0.5997888106671898)	(138, 0.6076569765840107)
SRR36750781_2_paired - polya	(1, 0.004936958211549692)	(2, 0.009236774736100541)	(3, 0.017993023618877932)	(4, 0.031355201792026846)	(5, 0.04459635863915363)	(6, 0.056652218381416646)	(7, 0.06770787245861444)	(8, 0.08576852564203415)	(9, 0.10654503975942099)	(10, 0.13249699528963643)	(12, 0.15889388216552144)	(14, 0.19367861476996945)	(16, 0.23050825183911483)	(18, 0.2618776914342031)	(20, 0.29185004660388886)	(22, 0.3200871695254633)	(24, 0.34751451739791905)	(26, 0.37161555853014905)	(28, 0.39522717518214245)	(30, 0.41786350232442815)	(32, 0.4392664797765178)	(34, 0.45924923637323006)	(36, 0.47716217234988745)	(38, 0.4941140566198986)	(40, 0.5116852853230818)	(42, 0.5284983510132439)	(44, 0.5453541301125904)	(46, 0.5609801189725061)	(48, 0.5760098998292247)	(50, 0.5904897455426956)	(52, 0.6057651285022236)	(54, 0.6234467001791328)	(56, 0.6383091868498797)	(58, 0.6525861438697252)	(60, 0.6670606504070481)	(62, 0.682763167458419)	(64, 0.6979869383818496)	(66, 0.7136467420240362)	(68, 0.7279966677845715)	(70, 0.7415617346513457)	(72, 0.7545288137895401)	(74, 0.7662678824136864)	(76, 0.779073006542057)	(78, 0.7927679933617666)	(80, 0.804816734202499)	(82, 0.8176912676207941)	(84, 0.833648285401888)	(86, 0.8498402269334955)	(88, 0.8640548935649472)	(90, 0.8782660007456338)	(92, 0.892615926506169)	(94, 0.9066935542831547)	(96, 0.9183044826797482)	(98, 0.9290647023434213)	(100, 0.9399975553692144)	(102, 0.9514162734244784)	(104, 0.9630912719348483)	(106, 0.9735702949880585)	(108, 0.9858592987554523)	(110, 0.9969024947549713)	(112, 1.007554151170301)	(114, 1.0177982504729974)	(116, 1.0285958443697072)	(118, 1.0397529427937175)	(120, 1.0505202813589214)	(122, 1.0607163280762855)	(124, 1.0719268182617765)	(126, 1.0842531962622064)	(128, 1.0959246353218108)	(130, 1.1087831512116622)	(132, 1.1225279703420867)	(134, 1.1367568747766)	(136, 1.14970793638635)	(138, 1.1606710447436488)
SRR36750781_2_paired - polyg	(1, 0.5017117042785524)	(2, 0.5156754296310465)	(3, 0.5161061231736547)	(4, 0.5165119005609053)	(5, 0.51690699959586)	(6, 0.5173305742369374)	(7, 0.517836016245618)	(8, 0.5187685923461415)	(9, 0.5198293086742177)	(10, 0.5213687711302346)	(12, 0.5233958783411052)	(14, 0.5245900740728824)	(16, 0.5251951807029929)	(18, 0.525654349851724)	(20, 0.5261651310365527)	(22, 0.5267542201382192)	(24, 0.527281018851492)	(26, 0.5277544258032845)	(28, 0.5283346162780376)	(30, 0.5288560758151624)	(32, 0.529377535352287)	(34, 0.529842043677166)	(36, 0.5302460413390341)	(38, 0.5307016510369997)	(40, 0.5311376837557559)	(42, 0.5315754961998947)	(44, 0.5319919519394415)	(46, 0.5324813764196781)	(48, 0.5329547833714705)	(50, 0.5333623404841038)	(52, 0.5337823556744159)	(54, 0.5343073746623059)	(56, 0.5349053623908859)	(58, 0.5354339408295414)	(60, 0.5359215855843953)	(62, 0.5364679612768775)	(64, 0.537085525984667)	(66, 0.5376799542624815)	(68, 0.5381907354473101)	(70, 0.538683719378312)	(72, 0.5392140775423502)	(74, 0.5398280827993742)	(76, 0.5404242908025714)	(78, 0.5411237228779641)	(80, 0.5418907845178984)	(82, 0.542794885012299)	(84, 0.5437594961697105)	(86, 0.5446351210579883)	(88, 0.5456068511169307)	(90, 0.5464717976529123)	(92, 0.5473225063858327)	(94, 0.5482123690771719)	(96, 0.5490826547893015)	(98, 0.550015230889825)	(100, 0.5508872963273374)	(102, 0.5517771590186765)	(104, 0.5527453296268535)	(106, 0.5537811297995723)	(108, 0.5549094756921904)	(110, 0.5561036714239675)	(112, 0.5573227833111022)	(114, 0.5584956223382872)	(116, 0.5596631221893242)	(118, 0.5608324017657439)	(120, 0.5620426150259652)	(122, 0.5632670660892478)	(124, 0.5643793944534218)	(126, 0.5654632472114729)	(128, 0.5668318560307526)	(130, 0.5683980143675095)	(132, 0.5699321376473782)	(134, 0.5716495726416628)	(136, 0.5734168399466624)	(138, 0.5750826629048492)
SRR36750783_1_paired - polya	(1, 0.0022251216129531948)	(2, 0.00455835647941711)	(3, 0.006016628270957057)	(4, 0.008236721360491148)	(5, 0.010278301868647073)	(6, 0.011887429362760119)	(7, 0.013939066917754251)	(8, 0.018882105438732758)	(9, 0.026326834360715142)	(10, 0.033462309092422676)	(12, 0.03929916765114679)	(14, 0.05145939440939326)	(16, 0.06626462448608805)	(18, 0.07730223339101971)	(20, 0.08858246855092311)	(22, 0.09834283250740256)	(24, 0.10924844267258275)	(26, 0.1195858296914043)	(28, 0.12876791345468686)	(30, 0.13826553706251815)	(32, 0.14661540019993913)	(34, 0.1540928145241457)	(36, 0.16051423893034056)	(38, 0.16713303288073522)	(40, 0.17457901893357236)	(42, 0.181815064133662)	(44, 0.18980287358490752)	(46, 0.19708417549576904)	(48, 0.2039279958691686)	(50, 0.21054553268870846)	(52, 0.21780923476760314)	(54, 0.2268920051933584)	(56, 0.23453913218295971)	(58, 0.24157152218457562)	(60, 0.24883522426347027)	(62, 0.25749308446031133)	(64, 0.26584043333602275)	(66, 0.2751633157550402)	(68, 0.2838601470083793)	(70, 0.291768757215774)	(72, 0.2993731417563129)	(74, 0.3060409638100438)	(76, 0.3136528911357114)	(78, 0.3209957924584569)	(80, 0.3270413347390738)	(82, 0.33434023648190225)	(84, 0.3445858529483251)	(86, 0.35539592116854235)	(88, 0.3644007494813015)	(90, 0.374553338264471)	(92, 0.3853219211664807)	(94, 0.394892458363889)	(96, 0.4029531814047115)	(98, 0.4098296871803352)	(100, 0.4169312193789638)	(102, 0.4247882872213126)	(104, 0.4326893546435786)	(106, 0.43988265739460586)	(108, 0.44871400164940595)	(110, 0.4559311898866739)	(112, 0.46282403836340974)	(114, 0.4699984841516153)	(116, 0.4774130419330831)	(118, 0.4854838220207438)	(120, 0.49340374640583146)	(122, 0.5002236812929903)	(124, 0.5083711463627922)	(126, 0.5178134562130134)	(128, 0.5265907438410582)	(130, 0.5370903007401459)	(132, 0.5482448228145717)	(134, 0.5600367102323689)	(136, 0.5701679277910071)	(138, 0.5783543639173072)
SRR36750783_1_paired - polyg	(1, 0.0)	(2, 0.0)	(3, 7.79421129961006e-05)	(4, 0.00011817030034892672)	(5, 0.00022628355385964692)	(6, 0.0003595394244658834)	(7, 0.0005154236504580846)	(8, 0.0008523347195380035)	(9, 0.0012596451164853678)	(10, 0.0016304987186442337)	(12, 0.002066723125251442)	(14, 0.0024954047467299952)	(16, 0.002936657676756307)	(18, 0.0032647688298527945)	(20, 0.0036569936565428495)	(22, 0.004069332576909317)	(24, 0.004376072505474616)	(26, 0.004739383322504827)	(28, 0.005180636252531139)	(30, 0.00567594580931281)	(32, 0.006208969291737756)	(34, 0.006757078344420012)	(36, 0.007350444107874197)	(38, 0.007873410543460937)	(40, 0.008382548539645143)	(42, 0.008967114387115897)	(44, 0.009483795168428757)	(46, 0.010030647090256237)	(48, 0.010650412601660716)	(50, 0.011299092122725035)	(52, 0.011917600503274738)	(54, 0.012704564418364398)	(56, 0.013579527493288366)	(58, 0.014400433941456976)	(60, 0.015452652466904332)	(62, 0.016585327367057343)	(64, 0.017841201090978386)	(66, 0.019032961141305857)	(68, 0.022770411172554357)	(70, 0.05007403620743031)	(72, 0.05489890442805989)	(74, 0.056526888884994575)	(76, 0.057939903965762596)	(78, 0.0591869777737002)	(80, 0.060416451749670946)	(82, 0.06170878226838049)	(84, 0.06306899785324793)	(86, 0.06430852887605687)	(88, 0.06587114252854322)	(90, 0.06755946926650713)	(92, 0.0691007116944623)	(94, 0.07096503675209484)	(96, 0.07275644822015037)	(98, 0.07447117470606457)	(100, 0.07632041419343981)	(102, 0.07822999596184427)	(104, 0.08020117714213275)	(106, 0.08200390278788128)	(108, 0.084596106610429)	(110, 0.08695448409398843)	(112, 0.08898726468616092)	(114, 0.09117844376603518)	(116, 0.0932200242741911)	(118, 0.09557085897262188)	(120, 0.09855151622929534)	(122, 0.1016314868234961)	(124, 0.10404014954124655)	(126, 0.10681086594517245)	(128, 0.10977266623902428)	(130, 0.11292806468451158)	(132, 0.11593135029657099)	(134, 0.11918857634129514)	(136, 0.1229951685695563)	(138, 0.12650130652352604)
SRR36750783_2_paired - polya	(1, 0.004799725603534066)	(2, 0.008488147531446312)	(3, 0.01851502322913822)	(4, 0.032393747865863236)	(5, 0.0461291595851438)	(6, 0.05809453106090002)	(7, 0.06948916512858802)	(8, 0.08722728148947478)	(9, 0.10738160335324066)	(10, 0.13178251324443926)	(12, 0.15848774399244192)	(14, 0.1918406827004991)	(16, 0.22632126778529021)	(18, 0.25599961300483765)	(20, 0.2842259720871191)	(22, 0.311210285884882)	(24, 0.3385679675465133)	(26, 0.3628192788659935)	(28, 0.38657402349783737)	(30, 0.4095066045506578)	(32, 0.4312411398988769)	(34, 0.4507643820735453)	(36, 0.4687086678946153)	(38, 0.4856786773032341)	(40, 0.5027492571802349)	(42, 0.5194716118104628)	(44, 0.535642085995444)	(46, 0.551051996013286)	(48, 0.5659728821286203)	(50, 0.5808309117012156)	(52, 0.5958599110700604)	(54, 0.6132498021841744)	(56, 0.6281669169069442)	(58, 0.642349867210525)	(60, 0.6563957902509352)	(62, 0.6716787300524447)	(64, 0.6859861363106483)	(66, 0.7008014234341813)	(68, 0.7148536321288654)	(70, 0.7279743068601605)	(72, 0.7406813855402345)	(74, 0.7523349885640063)	(76, 0.7641859611319779)	(78, 0.7774650343509749)	(80, 0.7891701797397925)	(82, 0.8014523481909522)	(84, 0.8166284318698059)	(86, 0.8320333133642288)	(88, 0.8458730669444557)	(90, 0.8599541896487997)	(92, 0.8744250229181241)	(94, 0.8879127798590138)	(96, 0.899889465512463)	(98, 0.9105901633483147)	(100, 0.9216214865989725)	(102, 0.9328074369447676)	(104, 0.9444182975194773)	(106, 0.9551378523181506)	(108, 0.9676877896413776)	(110, 0.978754312555969)	(112, 0.9891796987346249)	(114, 0.9997685119244015)	(116, 1.0106678364353079)	(118, 1.0214376764681723)	(120, 1.0320051184334178)	(122, 1.0415982839862121)	(124, 1.0522373824101798)	(126, 1.0640996691558444)	(128, 1.0760021840888618)	(130, 1.0892988571398257)	(132, 1.1035107214530662)	(134, 1.1173140182385048)	(136, 1.1297306996911254)	(138, 1.1409241928220493)
SRR36750783_2_paired - polyg	(1, 0.5636647898792518)	(2, 0.5790596143268365)	(3, 0.5795649809304564)	(4, 0.5801457753853628)	(5, 0.5807944549064271)	(6, 0.5815034767085207)	(7, 0.5821672417998422)	(8, 0.5835903139274485)	(9, 0.5853402400772965)	(10, 0.587753931318466)	(12, 0.5907974451178782)	(14, 0.5926504559978178)	(16, 0.5936511321582194)	(18, 0.5944732957372427)	(20, 0.5952464312129299)	(22, 0.5961213942878538)	(24, 0.5969397864743129)	(26, 0.5976865222020498)	(28, 0.5984458292383343)	(30, 0.5991737080032495)	(32, 0.5998953011138908)	(34, 0.6005917516074366)	(36, 0.6012555166987583)	(38, 0.6019067104815321)	(40, 0.6025340187780652)	(42, 0.6031449843734863)	(44, 0.6037282930901022)	(46, 0.6042990304981706)	(48, 0.6049766240288947)	(50, 0.605631589204233)	(52, 0.6062890686412806)	(54, 0.6070433471541461)	(56, 0.6077485975636754)	(58, 0.6084777334594453)	(60, 0.6092747544213732)	(62, 0.6101195463557826)	(64, 0.6108612535601003)	(66, 0.6115237615205671)	(68, 0.6121661553873576)	(70, 0.6128802057128702)	(72, 0.6135049997476938)	(74, 0.6142416784285925)	(76, 0.6149155005667524)	(78, 0.6157628067628712)	(80, 0.6167483973530155)	(82, 0.6177541020368361)	(84, 0.6189207194700681)	(86, 0.6200961368192834)	(88, 0.6212614971216606)	(90, 0.6223728007972824)	(92, 0.6235343897070953)	(94, 0.624809120393838)	(96, 0.6260436228932278)	(98, 0.6272492113829577)	(100, 0.6283378867031937)	(102, 0.6294039336680436)	(104, 0.6306321505131596)	(106, 0.6318163677783584)	(108, 0.633225611466562)	(110, 0.6344739424053545)	(112, 0.6357373589144042)	(114, 0.6371327741632054)	(116, 0.6384489901681556)	(118, 0.6397941201827657)	(120, 0.6412473634508866)	(122, 0.6426591214007997)	(124, 0.6441362501551614)	(126, 0.6457114351161954)	(128, 0.6474701611820268)	(130, 0.6493407718939332)	(132, 0.6512164111292588)	(134, 0.6531285071593729)	(136, 0.6552090587240267)	(138, 0.6573034387280833)
SRR36750784_1_paired - polya	(1, 0.0036062495681848045)	(2, 0.006570364540081256)	(3, 0.008618692619380815)	(4, 0.011206197005268485)	(5, 0.014013165113938249)	(6, 0.016356820918956926)	(7, 0.01943744132393523)	(8, 0.026145986726508915)	(9, 0.035891801675239754)	(10, 0.045848952060723716)	(12, 0.05332832992171106)	(14, 0.06435434992000412)	(16, 0.0779800667332283)	(18, 0.08759041024814303)	(20, 0.09789843164721071)	(22, 0.10801408361025952)	(24, 0.11743341240349353)	(26, 0.12889158627566)	(28, 0.13975639526771189)	(30, 0.1493003577800567)	(32, 0.15884567500673968)	(34, 0.16858471638377975)	(36, 0.17665610441054347)	(38, 0.18453376828695017)	(40, 0.19381085207467727)	(42, 0.201848372242987)	(44, 0.21073936244433816)	(46, 0.22001238208905077)	(48, 0.22890472700474013)	(50, 0.23756270633992763)	(52, 0.24619223667401374)	(54, 0.2559827571959039)	(56, 0.264132718654281)	(58, 0.27250214383544014)	(60, 0.2809433688765218)	(62, 0.28976662336096504)	(64, 0.30062872292434056)	(66, 0.31303926097623425)	(68, 0.32519782216122994)	(70, 0.3373943153476942)	(72, 0.34785812889565043)	(74, 0.3564984969444418)	(76, 0.36672523548321984)	(78, 0.37641279771540975)	(80, 0.38424982016167164)	(82, 0.39227243847226156)	(84, 0.40377396320324915)	(86, 0.41695804314223284)	(88, 0.427665705271058)	(90, 0.4410137056449592)	(92, 0.4534662398413358)	(94, 0.4688612135801984)	(96, 0.4811227330548944)	(98, 0.49076423499958677)	(100, 0.5004165746589846)	(102, 0.5104346871896857)	(104, 0.5207521915891206)	(106, 0.5305061348238804)	(108, 0.5433041211764881)	(110, 0.5554112032166337)	(112, 0.5660768692009759)	(114, 0.5759811857272716)	(116, 0.5867362628579325)	(118, 0.5984965380275088)	(120, 0.6096431276018982)	(122, 0.6194837725543003)	(124, 0.631464866160997)	(126, 0.6450093001139314)	(128, 0.6578045770378629)	(130, 0.673229354492165)	(132, 0.6912280891889732)	(134, 0.7132503254701197)	(136, 0.7337634099785548)	(138, 0.7517120202448511)
SRR36750784_1_paired - polyg	(1, 0.0)	(2, 0.0)	(3, 0.00014359971984507486)	(4, 0.00025197686689796157)	(5, 0.0003468068705692374)	(6, 0.0004714405896800571)	(7, 0.0006692288830515753)	(8, 0.0010648054697946117)	(9, 0.0016554609212328442)	(10, 0.0022772748024487816)	(12, 0.0029681791149109345)	(14, 0.0036766947137691812)	(16, 0.004282252022927186)	(18, 0.0047902698997375915)	(20, 0.005245453917359717)	(22, 0.0057101209353489675)	(24, 0.006120599379811776)	(26, 0.006571719254419416)	(28, 0.007032322129394185)	(30, 0.007559306006938847)	(32, 0.008358587466453887)	(34, 0.009164642497659732)	(36, 0.010019467245039375)	(38, 0.01083906941962683)	(40, 0.011590935877306231)	(42, 0.01241460219490817)	(44, 0.013167823366925733)	(46, 0.014174376120179417)	(48, 0.015057649868660445)	(50, 0.015926021759421698)	(52, 0.016786265364153986)	(54, 0.017783335117040548)	(56, 0.018822401014410097)	(58, 0.01979915005222424)	(60, 0.020804348091139763)	(62, 0.021832576273804024)	(64, 0.02304098146344371)	(66, 0.02440382408763376)	(68, 0.030296831458634474)	(70, 0.16101999151948823)	(72, 0.1790945902192334)	(74, 0.18273606236021042)	(76, 0.1851664198828714)	(78, 0.18713617453055761)	(80, 0.18908831789184774)	(82, 0.19105807253953394)	(84, 0.19301563475817674)	(86, 0.19488107640182453)	(88, 0.19675058218848684)	(90, 0.19885987241300362)	(92, 0.20090142692061239)	(94, 0.20280886470874318)	(96, 0.20503466036634185)	(98, 0.20723471645151545)	(100, 0.20942528953632192)	(102, 0.2114898741876794)	(104, 0.21357884369712382)	(106, 0.21603087664919535)	(108, 0.2188988069030824)	(110, 0.22154456400551098)	(112, 0.2240494308167708)	(114, 0.22651636562656216)	(116, 0.2290591644392905)	(118, 0.23156132182187403)	(120, 0.23436693521620564)	(122, 0.23709126575024758)	(124, 0.23972347570929456)	(126, 0.242569730533771)	(128, 0.24555552093507804)	(130, 0.24888811820695428)	(132, 0.25231419076816364)	(134, 0.2558811536205418)	(136, 0.25911621146007047)	(138, 0.2624786124473863)
SRR36750784_2_paired - polya	(1, 0.005481174212199745)	(2, 0.009417974078895854)	(3, 0.01571468632266857)	(4, 0.024531167235420905)	(5, 0.03439077818855727)	(6, 0.0435486471145262)	(7, 0.05403413609189298)	(8, 0.0697054715557404)	(9, 0.08735739938197933)	(10, 0.1101802718369791)	(12, 0.13257911870413447)	(14, 0.15889986358026614)	(16, 0.1870846953857075)	(18, 0.2109506978810913)	(20, 0.23485327766360548)	(22, 0.2567928763701242)	(24, 0.2784141172071751)	(26, 0.3003428781989885)	(28, 0.3219465077496434)	(30, 0.3412376399250572)	(32, 0.36049761367069333)	(34, 0.3791547395358478)	(36, 0.39528803258900813)	(38, 0.4110447150561597)	(40, 0.4271305931074844)	(42, 0.4420121301121839)	(44, 0.45781893700984744)	(46, 0.4737138003394914)	(48, 0.488705069205582)	(50, 0.5032777313411807)	(52, 0.5168072634363955)	(54, 0.5316061628664672)	(56, 0.5443770549323117)	(58, 0.5582764240418444)	(60, 0.5719062049980831)	(62, 0.58612664140576)	(64, 0.6020431801648145)	(66, 0.6195907949870151)	(68, 0.6377019709738906)	(70, 0.6549136166402272)	(72, 0.6697043877842699)	(74, 0.6819442318295552)	(76, 0.6960156496600345)	(78, 0.7089572357324874)	(80, 0.7204113454616392)	(82, 0.732099820771293)	(84, 0.7469962596337123)	(86, 0.7629940812530566)	(88, 0.7771738762305886)	(90, 0.7940888394568679)	(92, 0.8095014244821266)	(94, 0.8275773778962099)	(96, 0.8426797333380296)	(98, 0.8556077722671009)	(100, 0.8684978791947036)	(102, 0.8814909444120065)	(104, 0.8945083944873964)	(106, 0.9068227478212807)	(108, 0.9223694495660173)	(110, 0.9368757306990461)	(112, 0.9497143584817987)	(114, 0.9617970556638574)	(116, 0.9744284121528715)	(118, 0.9881056081109456)	(120, 1.0013018804789728)	(122, 1.0134319926628672)	(124, 1.0271010603349124)	(126, 1.0423456607822392)	(128, 1.0557939100171643)	(130, 1.0718499843530493)	(132, 1.0906981249398844)	(134, 1.1130698775202768)	(136, 1.1344391414904296)	(138, 1.153096267355584)
SRR36750784_2_paired - polyg	(1, 0.718887291831208)	(2, 0.7324154692120846)	(3, 0.7329546455186727)	(4, 0.7336943195473087)	(5, 0.7342389147112494)	(6, 0.734924400166359)	(7, 0.7356667836236712)	(8, 0.7372192862552038)	(9, 0.7392757426205323)	(10, 0.742266951879192)	(12, 0.74721165921348)	(14, 0.7503193739052214)	(16, 0.7516429298136049)	(18, 0.7525343318481148)	(20, 0.7533363227363062)	(22, 0.7542548190575794)	(24, 0.7550730665178287)	(26, 0.7558967328354307)	(28, 0.7567935537272933)	(30, 0.7576280577596005)	(32, 0.7586278369411634)	(34, 0.7595503974054512)	(36, 0.7604336711539321)	(38, 0.7612749487579301)	(40, 0.7621406112200151)	(42, 0.7630293038258488)	(44, 0.7638732908585231)	(46, 0.7647321797489173)	(48, 0.765730604216142)	(50, 0.7666816136815311)	(52, 0.7676922305777991)	(54, 0.7689317941972167)	(56, 0.7702539953912618)	(58, 0.7714461440088436)	(60, 0.7723280630429865)	(62, 0.773273653651023)	(64, 0.7742558215461897)	(66, 0.7753260458733369)	(68, 0.7763285344835761)	(70, 0.7774001135250614)	(72, 0.7785218169970589)	(74, 0.7795839130381772)	(76, 0.7807733522270826)	(78, 0.7819831121310605)	(80, 0.7835992863364867)	(82, 0.785359060261758)	(84, 0.7875916294910474)	(86, 0.7902170658784036)	(88, 0.792701611974591)	(90, 0.7953040182181985)	(92, 0.7977668888849753)	(94, 0.8003787781289498)	(96, 0.8030773690905667)	(98, 0.8054115418952182)	(100, 0.8076644318395801)	(102, 0.8097276617765995)	(104, 0.8119236537187586)	(106, 0.8140315892289373)	(108, 0.8164145317497626)	(110, 0.8185834294051585)	(112, 0.8207103309160714)	(114, 0.8230661791501335)	(116, 0.8254518310996352)	(118, 0.8279214753381028)	(120, 0.83048730429458)	(122, 0.8330870011095111)	(124, 0.835643347065621)	(126, 0.8381468591625427)	(128, 0.840680174974904)	(130, 0.8433692829361537)	(132, 0.8460841304698284)	(134, 0.8488491024340152)	(136, 0.8518674059794382)	(138, 0.8549602188134598)
