Sample	0	1	2	3	4	5	6	7	8	9	10	11	12	13	14	15
SRR36750771_1	(1.0, 21.937111487420488)	(2.0, 11.716559467534388)	(3.0, 6.6273222261299685)	(4.0, 4.14167901683011)	(5.0, 2.8984652362144083)	(6.0, 2.1715264327952495)	(7.0, 1.739742478667191)	(8.0, 1.4991580716458899)	(9.0, 1.2929259028212734)	('>10', 16.153184012146244)	('>50', 6.705515508313333)	('>100', 14.417452464493726)	('>500', 4.4268441967397845)	('>1k', 3.949971605494619)	('>5k', 0.322541892753118)	('>10k+', 0.0)
SRR36750771_2	(1.0, 24.793070081499458)	(2.0, 11.452184453964257)	(3.0, 6.592314958088238)	(4.0, 4.071708269603118)	(5.0, 2.7853059844421857)	(6.0, 2.085284086355717)	(7.0, 1.615476094193344)	(8.0, 1.3559289257732947)	(9.0, 1.1549416622210715)	('>10', 15.419990015487667)	('>50', 6.544973626653139)	('>100', 13.96829607287594)	('>500', 4.038100682916471)	('>1k', 3.5786024687740463)	('>5k', 0.2489769069985309)	('>10k+', 0.2948457101534242)
SRR36750772_1	(1.0, 27.804595979858714)	(2.0, 13.829676289867587)	(3.0, 7.67680661311208)	(4.0, 4.715532054816829)	(5.0, 3.1936635424820357)	(6.0, 2.3803098739478226)	(7.0, 1.8870300418142976)	(8.0, 1.5954304162436588)	(9.0, 1.2680929939023222)	('>10', 14.204785446214856)	('>50', 4.454047187989244)	('>100', 9.4714245856406)	('>500', 3.4544638109865793)	('>1k', 3.783033136602244)	('>5k', 0.23275964879194083)	('>10k+', 0.048348377728994155)
SRR36750772_2	(1.0, 30.20313709091502)	(2.0, 13.652745670301867)	(3.0, 7.328294439454256)	(4.0, 4.566662299417852)	(5.0, 3.109830038136512)	(6.0, 2.3134784655799545)	(7.0, 1.7988721981620663)	(8.0, 1.5024515225193653)	(9.0, 1.250552043541959)	('>10', 13.620086821926886)	('>50', 4.3617894703147115)	('>100', 9.174770983677623)	('>500', 3.2564550660471046)	('>1k', 3.3719779903895555)	('>5k', 0.20143411243818518)	('>10k+', 0.2874617871770768)
SRR36750775_1	(1.0, 23.76730472615606)	(2.0, 11.98570141687276)	(3.0, 6.786846821644936)	(4.0, 4.349306748272457)	(5.0, 3.1561746385661724)	(6.0, 2.3914686922894455)	(7.0, 1.9045625850402033)	(8.0, 1.5857632504154233)	(9.0, 1.3087904846589047)	('>10', 14.986165305160599)	('>50', 5.070729569341079)	('>100', 11.633823374903788)	('>500', 4.732462960776017)	('>1k', 5.715406799002813)	('>5k', 0.4764721561238433)	('>10k+', 0.14902047077543576)
SRR36750775_2	(1.0, 25.373445406750832)	(2.0, 12.088283868203467)	(3.0, 6.714364138711238)	(4.0, 4.283449313138978)	(5.0, 2.952714892594813)	(6.0, 2.292863894840867)	(7.0, 1.851283248211564)	(8.0, 1.547253376905146)	(9.0, 1.3179987037054892)	('>10', 14.68180965795277)	('>50', 5.007710610334016)	('>100', 11.178998650377924)	('>500', 4.625675116758899)	('>1k', 5.325192960608971)	('>5k', 0.3794952017539694)	('>10k+', 0.37946095915119277)
SRR36750776_1	(1.0, 19.804347842864416)	(2.0, 10.833326558781579)	(3.0, 6.466935542787265)	(4.0, 4.1928782197901615)	(5.0, 3.0635817477022753)	(6.0, 2.327123853868749)	(7.0, 1.9473078125039776)	(8.0, 1.6276428804864764)	(9.0, 1.3539041692844007)	('>10', 16.516308133947064)	('>50', 6.090434390891515)	('>100', 13.375328747749403)	('>500', 5.206350271834624)	('>1k', 6.46641683776301)	('>5k', 0.5199483622830464)	('>10k+', 0.20816462746207826)
SRR36750776_2	(1.0, 22.573050816220142)	(2.0, 10.591002326631966)	(3.0, 6.108204252126072)	(4.0, 4.121982339873233)	(5.0, 2.9373014787634477)	(6.0, 2.2821770920987623)	(7.0, 1.9033050683622166)	(8.0, 1.5722967938517283)	(9.0, 1.3154006222711605)	('>10', 16.164448018352335)	('>50', 5.977444932857702)	('>100', 12.813206006093655)	('>500', 4.890771522703803)	('>1k', 5.885897528439328)	('>5k', 0.37188871451183564)	('>10k+', 0.49162248684234827)
SRR36750778_1	(1.0, 26.281529577405532)	(2.0, 12.681649414238372)	(3.0, 7.425686700301528)	(4.0, 4.719098924361621)	(5.0, 3.239274632935476)	(6.0, 2.3326677545811116)	(7.0, 1.833615259728328)	(8.0, 1.4873504633155623)	(9.0, 1.2141433598378775)	('>10', 13.263618473717543)	('>50', 4.48475683571173)	('>100', 10.799060264466585)	('>500', 4.511753494417866)	('>1k', 5.213770963340181)	('>5k', 0.35251358000128097)	('>10k+', 0.1595103016395345)
SRR36750778_2	(1.0, 33.3041703097059)	(2.0, 12.108576220567732)	(3.0, 6.715350131129405)	(4.0, 4.356215428795401)	(5.0, 2.913297732700191)	(6.0, 2.067013714425562)	(7.0, 1.7023465590301439)	(8.0, 1.3638773316091903)	(9.0, 1.0679332783014026)	('>10', 11.771103482768241)	('>50', 4.110077411094537)	('>100', 9.780453390966212)	('>500', 3.969975161781646)	('>1k', 4.1420764143453335)	('>5k', 0.24023075589608497)	('>10k+', 0.3873026768832238)
SRR36750779_1	(1.0, 25.92589198627799)	(2.0, 13.060567098508574)	(3.0, 7.690209183709132)	(4.0, 4.742098360551994)	(5.0, 3.177803114349688)	(6.0, 2.2292364122443864)	(7.0, 1.7726170382926045)	(8.0, 1.4039925154860573)	(9.0, 1.19681709406651)	('>10', 12.63358848407788)	('>50', 4.6033109634539855)	('>100', 11.32231725995735)	('>500', 4.763596538007103)	('>1k', 5.008460633932278)	('>5k', 0.37911510789049246)	('>10k+', 0.09037820919383661)
SRR36750779_2	(1.0, 28.974666577613206)	(2.0, 12.82031830609482)	(3.0, 7.445891639699252)	(4.0, 4.586129561517202)	(5.0, 3.04860130845801)	(6.0, 2.228131413667879)	(7.0, 1.6328650618384695)	(8.0, 1.2856466297405638)	(9.0, 1.084402370316159)	('>10', 12.16163792809367)	('>50', 4.363907299584274)	('>100', 10.753143455320343)	('>500', 4.582597683782815)	('>1k', 4.429735721341604)	('>5k', 0.2585028049983373)	('>10k+', 0.3438222379330071)
SRR36750780_1	(1.0, 24.477348397659878)	(2.0, 12.195354667092941)	(3.0, 7.1599465463615255)	(4.0, 4.425525008404044)	(5.0, 2.980377520287826)	(6.0, 2.297116685104015)	(7.0, 1.7399994556662715)	(8.0, 1.4005874379167962)	(9.0, 1.089697064571505)	('>10', 12.697869708636317)	('>50', 4.634444774347559)	('>100', 11.536073850596441)	('>500', 5.2881097487103705)	('>1k', 7.093464564455197)	('>5k', 0.7458244767503525)	('>10k+', 0.23826009343889867)
SRR36750780_2	(1.0, 31.52267281410113)	(2.0, 11.538153409948228)	(3.0, 6.471961649401859)	(4.0, 4.02632738140504)	(5.0, 2.7930093769314897)	(6.0, 2.012593370189795)	(7.0, 1.5824328367337128)	(8.0, 1.2417127739170681)	(9.0, 1.0369656336385291)	('>10', 11.645737554680347)	('>50', 4.270458079001425)	('>100', 10.321058454253494)	('>500', 4.701445608780965)	('>1k', 5.803408709500527)	('>5k', 0.6272312342486258)	('>10k+', 0.4048311132677436)
SRR36750781_1	(1.0, 25.432193553449633)	(2.0, 12.275657396199593)	(3.0, 6.772428435619923)	(4.0, 4.094203771091062)	(5.0, 2.726357795902868)	(6.0, 1.9878574551271295)	(7.0, 1.5022011188803146)	(8.0, 1.168273154184672)	(9.0, 0.9987161695386971)	('>10', 11.038978194717442)	('>50', 3.978015503124869)	('>100', 12.00026180522818)	('>500', 6.498002140064031)	('>1k', 8.405671645617305)	('>5k', 0.8258375669717299)	('>10k+', 0.2953442942824137)
SRR36750781_2	(1.0, 30.362509004912084)	(2.0, 11.854947145647728)	(3.0, 6.403742214710673)	(4.0, 3.9313964553033327)	(5.0, 2.5490987631500586)	(6.0, 1.8962259906663899)	(7.0, 1.476980512729813)	(8.0, 1.066397978749358)	(9.0, 0.8860752970176103)	('>10', 10.250625779682537)	('>50', 3.706497859994409)	('>100', 11.333662575404924)	('>500', 5.903970719732606)	('>1k', 7.2579706373143305)	('>5k', 0.6988602156349955)	('>10k+', 0.42103884934910846)
SRR36750783_1	(1.0, 19.289721879047324)	(2.0, 9.370974992503024)	(3.0, 5.560286861005577)	(4.0, 3.641653549072975)	(5.0, 2.490660682346672)	(6.0, 1.9164294017829444)	(7.0, 1.4468401112085054)	(8.0, 1.1776446416348614)	(9.0, 0.974427099677117)	('>10', 11.061935472751847)	('>50', 3.7787842934284965)	('>100', 11.317569606322168)	('>500', 7.408130611562627)	('>1k', 16.189523471443838)	('>5k', 3.203932074211652)	('>10k+', 1.1714852520003856)
SRR36750783_2	(1.0, 25.930703225689705)	(2.0, 9.262276903842727)	(3.0, 5.324421916987167)	(4.0, 3.42838038409661)	(5.0, 2.3485087553658515)	(6.0, 1.6709542143960858)	(7.0, 1.385203159709063)	(8.0, 1.1196063958576314)	(9.0, 0.9131269709697661)	('>10', 10.072779565420277)	('>50', 3.488332448968212)	('>100', 10.568898403571028)	('>500', 6.721755605680142)	('>1k', 14.082758039505011)	('>5k', 2.5007968356488433)	('>10k+', 1.181497174291808)
SRR36750784_1	(1.0, 14.221779461487309)	(2.0, 8.308211293401873)	(3.0, 5.2050639907003635)	(4.0, 3.52775919285449)	(5.0, 2.617119000160836)	(6.0, 2.0864066932149585)	(7.0, 1.7542529457818985)	(8.0, 1.530235643467755)	(9.0, 1.2672604231486866)	('>10', 17.35689202132529)	('>50', 6.612281230143235)	('>100', 15.070804940482457)	('>500', 6.322653897905529)	('>1k', 10.877308214448632)	('>5k', 1.9591574057869252)	('>10k+', 1.2828136456899064)
SRR36750784_2	(1.0, 17.878837670992397)	(2.0, 8.199065247672381)	(3.0, 5.042577744046953)	(4.0, 3.4812254744146585)	(5.0, 2.542876512807269)	(6.0, 2.0028657189623047)	(7.0, 1.7234280470134893)	(8.0, 1.39777917626338)	(9.0, 1.2257187788415669)	('>10', 16.74110704463232)	('>50', 6.260576071776819)	('>100', 14.410859999387004)	('>500', 5.974284588808453)	('>1k', 10.106474847419905)	('>5k', 1.664684451178126)	('>10k+', 1.3476386257831148)
