Sample	0	1	2	3	4	5	6	7	8	9	10	11	12	13	14	15	16	17	18	19	20	21	22	23	24	25	26	27	28	29	30	31	32	33	34	35	36	37	38	39	40	41	42	43	44	45	46	47	48	49	50	51	52	53	54	55	56	57	58	59	60	61	62	63	64	65	66	67	68	69	70	71	72	73	74	75	76	77	78	79	80	81	82	83	84	85	86	87	88	89	90	91	92	93	94	95	96	97	98	99	100
SRR36750771_1	(0.0, 0.00017107927729697798)	(1.0, 0.00014052940635108906)	(2.0, 0.00014205689989838348)	(3.0, 0.00018482671922262798)	(4.0, 0.00020010165469557244)	(5.0, 0.0002581464094927614)	(6.0, 0.0003177186578372448)	(7.0, 0.0003497960223304282)	(8.0, 0.0003604884771614893)	(9.0, 0.0004093682706749116)	(10.0, 0.0004658855319248061)	(11.0, 0.0005697550931408284)	(12.0, 0.0007942966445931121)	(13.0, 0.0010157832089508067)	(14.0, 0.0016680229536455353)	(15.0, 0.003079426991345604)	(16.0, 0.009954675447717906)	(17.0, 0.021928697364959067)	(18.0, 0.033597220572741344)	(19.0, 0.05521278176050505)	(20.0, 0.07933343236583165)	(21.0, 0.10541691217943161)	(22.0, 0.13939295115190198)	(23.0, 0.1888929070455258)	(24.0, 0.2379804396813801)	(25.0, 0.27287144728867985)	(26.0, 0.34240753604216495)	(27.0, 0.4355357626336127)	(28.0, 0.5270081862197933)	(29.0, 0.6274897667479167)	(30.0, 0.7335558636849484)	(31.0, 0.8581810072216076)	(32.0, 0.9917282405680138)	(33.0, 1.1094689706870169)	(34.0, 1.2105478011921322)	(35.0, 1.37458686072963)	(36.0, 1.5469507600998829)	(37.0, 1.674329974502314)	(38.0, 1.8028746664813307)	(39.0, 1.956702431655165)	(40.0, 2.0833423391807058)	(41.0, 2.2232806055289918)	(42.0, 2.446262586069488)	(43.0, 2.6362629259368022)	(44.0, 2.751733800644526)	(45.0, 2.8732275824092315)	(46.0, 2.9322575705444254)	(47.0, 2.915337524521045)	(48.0, 2.9800009088586608)	(49.0, 3.0690003203917717)	(50.0, 3.1733449321010028)	(51.0, 3.2131865462950833)	(52.0, 3.2020037660353404)	(53.0, 3.222065866285506)	(54.0, 3.155230386123638)	(55.0, 3.1046077224727524)	(56.0, 3.019662278814161)	(57.0, 2.8629719907326967)	(58.0, 2.831323851926303)	(59.0, 2.8350921785074785)	(60.0, 2.7687546612420277)	(61.0, 2.6351279982311624)	(62.0, 2.4577050402322707)	(63.0, 2.3293039326466993)	(64.0, 2.210203733270604)	(65.0, 2.01459138211053)	(66.0, 1.8174729223128239)	(67.0, 1.6983834153915596)	(68.0, 1.5169736992342293)	(69.0, 1.2574571280295448)	(70.0, 1.0108219099091942)	(71.0, 0.7837386091942128)	(72.0, 0.6470737615177787)	(73.0, 0.5535468591104871)	(74.0, 0.46133512864741594)	(75.0, 0.38006483446361494)	(76.0, 0.31162090359644534)	(77.0, 0.2706794940483123)	(78.0, 0.22971975457761173)	(79.0, 0.1898231506158281)	(80.0, 0.15768468638075298)	(81.0, 0.11890162521494699)	(82.0, 0.08895969670088125)	(83.0, 0.06761297437744136)	(84.0, 0.04810688177849129)	(85.0, 0.03240272061875709)	(86.0, 0.021555988939419225)	(87.0, 0.014115567870547976)	(88.0, 0.00826221259731566)	(89.0, 0.005967917289279401)	(90.0, 0.004118122603505827)	(91.0, 0.0026624212529342195)	(92.0, 0.0019765766501990134)	(93.0, 0.001602340731111874)	(94.0, 0.0012953145281056904)	(95.0, 0.0015442959763146851)	(96.0, 0.0013441943216191126)	(97.0, 0.0006201623802015451)	(98.0, 0.00039562082874926156)	(99.0, 0.00014663938054026684)	(100.0, 5.346227415530561e-05)
SRR36750771_2	(0.0, 0.0018929263025993456)	(1.0, 0.0026666102356488358)	(2.0, 0.005747584791172003)	(3.0, 0.00980866092986656)	(4.0, 0.01268933391378996)	(5.0, 0.014386545703681133)	(6.0, 0.015496613955447793)	(7.0, 0.0160975186702471)	(8.0, 0.016455309263791726)	(9.0, 0.016933892408148427)	(10.0, 0.01727180574649613)	(11.0, 0.017351314767283823)	(12.0, 0.0175424422211004)	(13.0, 0.018079128111417337)	(14.0, 0.019042410478652867)	(15.0, 0.021103528940610797)	(16.0, 0.029627813380829985)	(17.0, 0.04388745045517691)	(18.0, 0.05757217614844359)	(19.0, 0.08107320786972949)	(20.0, 0.1046354003762367)	(21.0, 0.12865935681116472)	(22.0, 0.16056999650037987)	(23.0, 0.20743444817620374)	(24.0, 0.2575450085276483)	(25.0, 0.2961114706685718)	(26.0, 0.36333787676419815)	(27.0, 0.45434971223238946)	(28.0, 0.5457545057456276)	(29.0, 0.6419543048202161)	(30.0, 0.7439827267263946)	(31.0, 0.8666544426643937)	(32.0, 0.9982908006962055)	(33.0, 1.1137103765265883)	(34.0, 1.2168488666845338)	(35.0, 1.3770641306306302)	(36.0, 1.5421110966092093)	(37.0, 1.6692674271235604)	(38.0, 1.7984619408054119)	(39.0, 1.9485245144047716)	(40.0, 2.077859697892632)	(41.0, 2.213165703037722)	(42.0, 2.42532176383301)	(43.0, 2.61916628553304)	(44.0, 2.7335507150735525)	(45.0, 2.8483357477572646)	(46.0, 2.9056617517451926)	(47.0, 2.8950503555092966)	(48.0, 2.9592309545009017)	(49.0, 3.044297961645582)	(50.0, 3.1415069136763223)	(51.0, 3.1771728255781255)	(52.0, 3.168127145443895)	(53.0, 3.1849677676545807)	(54.0, 3.120670963171055)	(55.0, 3.072451800102579)	(56.0, 2.992878560490402)	(57.0, 2.8376295523042754)	(58.0, 2.7971258222914672)	(59.0, 2.7991166058504207)	(60.0, 2.73216542328829)	(61.0, 2.6008623915359346)	(62.0, 2.4342114839649263)	(63.0, 2.305584236566003)	(64.0, 2.179024223707559)	(65.0, 1.987641423612687)	(66.0, 1.7953029862487313)	(67.0, 1.6727658240382193)	(68.0, 1.493953094325955)	(69.0, 1.2419033823504408)	(70.0, 1.000758638379885)	(71.0, 0.7767893719191019)	(72.0, 0.6410873506897041)	(73.0, 0.549714666588707)	(74.0, 0.4583312793502963)	(75.0, 0.3765119099008669)	(76.0, 0.30820142888719293)	(77.0, 0.268583001240463)	(78.0, 0.2308957253870958)	(79.0, 0.19255402913186057)	(80.0, 0.15982383492067997)	(81.0, 0.12137969435019907)	(82.0, 0.09232985038971041)	(83.0, 0.07180581988907146)	(84.0, 0.05272671293928581)	(85.0, 0.03746098094804844)	(86.0, 0.027644674920029214)	(87.0, 0.020387947753521547)	(88.0, 0.01495228296697819)	(89.0, 0.01346301784683945)	(90.0, 0.012117480571970771)	(91.0, 0.010678673099639603)	(92.0, 0.010333114663139239)	(93.0, 0.010970715849071328)	(94.0, 0.011875895470346622)	(95.0, 0.012912570779847718)	(96.0, 0.013955362167870944)	(97.0, 0.015279493167912165)	(98.0, 0.018094418307722664)	(99.0, 0.0254153642987127)	(100.0, 0.11626665270569808)
SRR36750772_1	(0.0, 0.0014118887539679868)	(1.0, 0.001135464750932086)	(2.0, 0.0007654818545609567)	(3.0, 0.0006846809921350779)	(4.0, 0.0006697966227408372)	(5.0, 0.0006208908375883315)	(6.0, 0.0005932484372847414)	(7.0, 0.0005741113909207175)	(8.0, 0.0006017537912243077)	(9.0, 0.000642154222437247)	(10.0, 0.0006591649303163793)	(11.0, 0.0007527238236516074)	(12.0, 0.0010397795191119663)	(13.0, 0.0013608566303305897)	(14.0, 0.0017542292500355259)	(15.0, 0.0025579851973245304)	(16.0, 0.004050674813718396)	(17.0, 0.006649060442255866)	(18.0, 0.010857084303856237)	(19.0, 0.01699369717125324)	(20.0, 0.027804002028441865)	(21.0, 0.04612666075275232)	(22.0, 0.07154703733963075)	(23.0, 0.10880048759493065)	(24.0, 0.1574319750828852)	(25.0, 0.21769028140622673)	(26.0, 0.2956716190011393)	(27.0, 0.38689791901844134)	(28.0, 0.48413537793253175)	(29.0, 0.5861124453294455)	(30.0, 0.6931012925352485)	(31.0, 0.819452577984474)	(32.0, 0.9526804420938386)	(33.0, 1.0811240446121975)	(34.0, 1.2010474088215957)	(35.0, 1.3443945177805594)	(36.0, 1.4994768888376393)	(37.0, 1.6843407567141107)	(38.0, 1.8390786609366379)	(39.0, 2.002217728512972)	(40.0, 2.145050263558592)	(41.0, 2.2558856570835637)	(42.0, 2.5300344779406307)	(43.0, 2.775890238917731)	(44.0, 2.945833589645718)	(45.0, 3.070464667260666)	(46.0, 3.048393273787492)	(47.0, 3.015201130038335)	(48.0, 3.0736903227422467)	(49.0, 3.092346816608685)	(50.0, 3.0991298363754893)	(51.0, 3.130248800101877)	(52.0, 3.040189859912781)	(53.0, 2.9507390525303627)	(54.0, 2.929677669837512)	(55.0, 2.918918397103961)	(56.0, 2.875498565242476)	(57.0, 2.786349697924913)	(58.0, 2.767640045596352)	(59.0, 2.781941798245733)	(60.0, 2.7335697240529346)	(61.0, 2.640750796510449)	(62.0, 2.5261751735905524)	(63.0, 2.4210022194508474)	(64.0, 2.3024758596260226)	(65.0, 2.126548992401551)	(66.0, 1.9258991876132447)	(67.0, 1.7391131097464319)	(68.0, 1.5407257291060505)	(69.0, 1.3392700420319708)	(70.0, 1.121949743522115)	(71.0, 0.8914950521910844)	(72.0, 0.7345989144063919)	(73.0, 0.6127065607599841)	(74.0, 0.5065363538708642)	(75.0, 0.41584376481326996)	(76.0, 0.3352257674970919)	(77.0, 0.28453811069424717)	(78.0, 0.23867298957513652)	(79.0, 0.19655872954337456)	(80.0, 0.15985387461717668)	(81.0, 0.1217392572754957)	(82.0, 0.09266370483308871)	(83.0, 0.0675601526804591)	(84.0, 0.044955048247577074)	(85.0, 0.02957736832484141)	(86.0, 0.01987275947979639)	(87.0, 0.013193930298752047)	(88.0, 0.008228929936530285)	(89.0, 0.005955874096181221)	(90.0, 0.004203771184630587)	(91.0, 0.002545227166415181)	(92.0, 0.002015768883677186)	(93.0, 0.001796756019733357)	(94.0, 0.0014459101697262516)	(95.0, 0.001762734603975092)	(96.0, 0.0014756789085147333)	(97.0, 0.00046779446667614017)	(98.0, 0.00026153963364166017)	(99.0, 9.993790878990268e-05)	(100.0, 3.6147754243156285e-05)
SRR36750772_2	(0.0, 0.0035074599181718967)	(1.0, 0.004131055643914837)	(2.0, 0.007810908919715328)	(3.0, 0.013229593963201764)	(4.0, 0.017267003832602303)	(5.0, 0.019684767465516912)	(6.0, 0.021189484796917114)	(7.0, 0.022492012387888716)	(8.0, 0.023307156288774538)	(9.0, 0.023722177334917452)	(10.0, 0.024152096572460365)	(11.0, 0.024645865201717573)	(12.0, 0.02479910374183188)	(13.0, 0.02485231156826046)	(14.0, 0.02569725185194628)	(15.0, 0.026961469807889313)	(16.0, 0.028368284738660928)	(17.0, 0.03097121160754699)	(18.0, 0.034959670276633235)	(19.0, 0.041153061272919775)	(20.0, 0.052543792754749866)	(21.0, 0.07067489168855229)	(22.0, 0.09501427981004125)	(23.0, 0.13243853660684624)	(24.0, 0.18183455435008142)	(25.0, 0.2409739892689179)	(26.0, 0.3182168550518139)	(27.0, 0.4068866336385114)	(28.0, 0.50291611877681)	(29.0, 0.6047878232569665)	(30.0, 0.7096178828865518)	(31.0, 0.8335644503953968)	(32.0, 0.9648345431338715)	(33.0, 1.0857014416490305)	(34.0, 1.203333304317332)	(35.0, 1.3509169166388089)	(36.0, 1.5024570629335148)	(37.0, 1.6836999462537103)	(38.0, 1.8381090585494455)	(39.0, 1.9941867682819803)	(40.0, 2.134329798155685)	(41.0, 2.2527129553331577)	(42.0, 2.519399094645422)	(43.0, 2.7554332693087105)	(44.0, 2.9261048216740764)	(45.0, 3.0447965842448346)	(46.0, 3.013261369677145)	(47.0, 2.9786911806899687)	(48.0, 3.040893258098034)	(49.0, 3.072026221497924)	(50.0, 3.076248794603296)	(51.0, 3.0941138544049553)	(52.0, 3.0086195188995157)	(53.0, 2.9172191146605035)	(54.0, 2.8920943790209286)	(55.0, 2.8863968849669566)	(56.0, 2.837845807507407)	(57.0, 2.7448363985971946)	(58.0, 2.7312513763534505)	(59.0, 2.7477351609810237)	(60.0, 2.6986222088743888)	(61.0, 2.6048700187072336)	(62.0, 2.491256411090818)	(63.0, 2.3859325828319755)	(64.0, 2.264190947650331)	(65.0, 2.084925267160221)	(66.0, 1.8893630935915662)	(67.0, 1.7079712283573707)	(68.0, 1.513700940814402)	(69.0, 1.3200265809274332)	(70.0, 1.1071165276300048)	(71.0, 0.8837628421611751)	(72.0, 0.7294537605791259)	(73.0, 0.6044323949764235)	(74.0, 0.5007409828324096)	(75.0, 0.4139249649184838)	(76.0, 0.3328511356327301)	(77.0, 0.28099691630849466)	(78.0, 0.23625339090817438)	(79.0, 0.19636454759119765)	(80.0, 0.1625903476873931)	(81.0, 0.12549385110138817)	(82.0, 0.09598904719021281)	(83.0, 0.07137297837129523)	(84.0, 0.050055794790949536)	(85.0, 0.035536443115119026)	(86.0, 0.026488984309203534)	(87.0, 0.020018912615488386)	(88.0, 0.015053558253173437)	(89.0, 0.01365951320074468)	(90.0, 0.012795418099544566)	(91.0, 0.011507788699972965)	(92.0, 0.011543970021944397)	(93.0, 0.01185683204134444)	(94.0, 0.012093074790687329)	(95.0, 0.013040174101116027)	(96.0, 0.01373400415774469)	(97.0, 0.014200104717259038)	(98.0, 0.01643270511420219)	(99.0, 0.022632481049660164)	(100.0, 0.10752663227298577)
SRR36750775_1	(0.0, 0.00023348775641544533)	(1.0, 0.00018707151568225438)	(2.0, 0.00015472080244396982)	(3.0, 0.00017722564643581995)	(4.0, 0.00018003875193480122)	(5.0, 0.00018988462118123565)	(6.0, 0.00019973049042767011)	(7.0, 0.0002250484399185015)	(8.0, 0.0003136612631364115)	(9.0, 0.00037695613686349006)	(10.0, 0.0004318116940936248)	(11.0, 0.0005330834920569505)	(12.0, 0.0006920239527493922)	(13.0, 0.0009395772366597439)	(14.0, 0.001505011441954979)	(15.0, 0.0025528932403255013)	(16.0, 0.00472179758004006)	(17.0, 0.007717754936455112)	(18.0, 0.012910747687574536)	(19.0, 0.02360617479470132)	(20.0, 0.03919218581180704)	(21.0, 0.060899514394696)	(22.0, 0.09129371275843913)	(23.0, 0.13160129490059222)	(24.0, 0.18154798303500466)	(25.0, 0.24396094818815262)	(26.0, 0.31799203905209317)	(27.0, 0.4005538723416944)	(28.0, 0.49728672458241385)	(29.0, 0.5991942843885093)	(30.0, 0.696942667714361)	(31.0, 0.8077522998719826)	(32.0, 0.9302517919306209)	(33.0, 1.0480505847004615)	(34.0, 1.1482140190971886)	(35.0, 1.2850969195721182)	(36.0, 1.4385180672755586)	(37.0, 1.599536006378998)	(38.0, 1.7394880049533161)	(39.0, 1.8999925523031913)	(40.0, 2.040685804176491)	(41.0, 2.1644807313174104)	(42.0, 2.4344361808688992)	(43.0, 2.6672347264370946)	(44.0, 2.8084132390089684)	(45.0, 2.958057792580026)	(46.0, 2.99096268760161)	(47.0, 2.991245404704258)	(48.0, 3.068704264618707)	(49.0, 3.146372700892831)	(50.0, 3.1984460967844726)	(51.0, 3.1789836263897713)	(52.0, 3.114576169437845)	(53.0, 3.0398488349629065)	(54.0, 2.9907249801869464)	(55.0, 3.003368482852118)	(56.0, 3.044602983256185)	(57.0, 2.969905186388986)	(58.0, 2.9296594925678106)	(59.0, 2.98911447728878)	(60.0, 2.956095651494487)	(61.0, 2.8624769070411396)	(62.0, 2.7574636787641693)	(63.0, 2.625595138841174)	(64.0, 2.3997196459059715)	(65.0, 2.1305631183161933)	(66.0, 1.9400272632119433)	(67.0, 1.7723127264681793)	(68.0, 1.531288660420963)	(69.0, 1.2607326128454415)	(70.0, 1.012620927493542)	(71.0, 0.8025593071208632)	(72.0, 0.64870353461783)	(73.0, 0.5224302615323084)	(74.0, 0.422612839111956)	(75.0, 0.3386810234443509)	(76.0, 0.2609633578239954)	(77.0, 0.21318416747654803)	(78.0, 0.1734181081429488)	(79.0, 0.13692931671566277)	(80.0, 0.10258551823134994)	(81.0, 0.06881278016333031)	(82.0, 0.044732597092050644)	(83.0, 0.026737161215067473)	(84.0, 0.014314487331566187)	(85.0, 0.007726194252952056)	(86.0, 0.004635997862321131)	(87.0, 0.003294146539307066)	(88.0, 0.0025388277128305953)	(89.0, 0.001970580402036379)	(90.0, 0.0016484798224030237)	(91.0, 0.001381234799999803)	(92.0, 0.0011449339380853764)	(93.0, 0.0010717931951118634)	(94.0, 0.0009831803718939535)	(95.0, 0.0011800977568226423)	(96.0, 0.0009353575784112718)	(97.0, 0.0003642971621180743)	(98.0, 0.0003010022883909958)	(99.0, 0.00017863219918531057)	(100.0, 4.641624073319094e-05)
SRR36750775_2	(0.0, 0.002190319755152657)	(1.0, 0.0028505125348227056)	(2.0, 0.006713132977071349)	(3.0, 0.012012974801075047)	(4.0, 0.01524637099489616)	(5.0, 0.017150935666311033)	(6.0, 0.01831507090892752)	(7.0, 0.018679654981282618)	(8.0, 0.018837312958517257)	(9.0, 0.01916107487605268)	(10.0, 0.01936377798964007)	(11.0, 0.019491875096143214)	(12.0, 0.019745253988127452)	(13.0, 0.020066200584640825)	(14.0, 0.02077143850066363)	(15.0, 0.02191445883561476)	(16.0, 0.02391333676126821)	(17.0, 0.02693136089690272)	(18.0, 0.031842688419863915)	(19.0, 0.04279710251664925)	(20.0, 0.05896408348575481)	(21.0, 0.0798945876241641)	(22.0, 0.10975247472348479)	(23.0, 0.15059574445083335)	(24.0, 0.2004269265410673)	(25.0, 0.2620866799054323)	(26.0, 0.3340434699079345)	(27.0, 0.41484459090119774)	(28.0, 0.511894337173206)	(29.0, 0.6145409416370439)	(30.0, 0.7122382117441228)	(31.0, 0.8218499204165054)	(32.0, 0.9411998245041489)	(33.0, 1.0544278130293507)	(34.0, 1.154529367289258)	(35.0, 1.287840448325233)	(36.0, 1.4387557317120687)	(37.0, 1.6060322532185312)	(38.0, 1.74816373501658)	(39.0, 1.896173607108663)	(40.0, 2.0340441005398437)	(41.0, 2.1594511678064214)	(42.0, 2.4215462936749197)	(43.0, 2.656683313096806)	(44.0, 2.7931799298692273)	(45.0, 2.930526773590307)	(46.0, 2.9630718846051716)	(47.0, 2.9661321385561368)	(48.0, 3.0452426592756607)	(49.0, 3.1281200795226836)	(50.0, 3.181594287015447)	(51.0, 3.1517012084033507)	(52.0, 3.0823176218149992)	(53.0, 3.008875749973367)	(54.0, 2.958754589817862)	(55.0, 2.9736124465117157)	(56.0, 3.013701210205156)	(57.0, 2.9414488114953388)	(58.0, 2.899967871556496)	(59.0, 2.9557393810032497)	(60.0, 2.9233899347994172)	(61.0, 2.82936665862611)	(62.0, 2.7239891927708864)	(63.0, 2.589584359517846)	(64.0, 2.3639898707001885)	(65.0, 2.1024507707335442)	(66.0, 1.9146252210871597)	(67.0, 1.7486789387636144)	(68.0, 1.5148003678385833)	(69.0, 1.245824597392202)	(70.0, 0.9977455472319652)	(71.0, 0.7898988421372927)	(72.0, 0.6393805190145656)	(73.0, 0.5162327468681805)	(74.0, 0.4169011829078032)	(75.0, 0.33597196480803676)	(76.0, 0.26104501112727485)	(77.0, 0.2123216578592164)	(78.0, 0.17301977639143865)	(79.0, 0.1376565290335048)	(80.0, 0.10507200352433148)	(81.0, 0.073434833539077)	(82.0, 0.04947082099941194)	(83.0, 0.031071290459823004)	(84.0, 0.01887813511333694)	(85.0, 0.012818156613380522)	(86.0, 0.009914152979138922)	(87.0, 0.008813362459518498)	(88.0, 0.008285489767884666)	(89.0, 0.008006772986702)	(90.0, 0.0079828427580146)	(91.0, 0.007964543171371293)	(92.0, 0.00816865394546971)	(93.0, 0.008454409029207492)	(94.0, 0.00871060324221378)	(95.0, 0.009576314456493267)	(96.0, 0.010444840991794803)	(97.0, 0.011411903762867987)	(98.0, 0.013603631178531668)	(99.0, 0.018407976502655073)	(100.0, 0.09067445181758252)
SRR36750776_1	(0.0, 0.000789023200386912)	(1.0, 0.0005796614486596988)	(2.0, 0.000347512023275102)	(3.0, 0.0003375424160499966)	(4.0, 0.0003304212680320642)	(5.0, 0.00029766398714957507)	(6.0, 0.00030763359437468047)	(7.0, 0.0003375424160499966)	(8.0, 0.00038311776336476407)	(9.0, 0.0004486323251297423)	(10.0, 0.0005141468868947206)	(11.0, 0.0006722363728928202)	(12.0, 0.0009058100278810037)	(13.0, 0.0012561705103632786)	(14.0, 0.0017218935907360585)	(15.0, 0.0025109167911229707)	(16.0, 0.004197204641769367)	(17.0, 0.006896119740565754)	(18.0, 0.011143172418460648)	(19.0, 0.0190405255703477)	(20.0, 0.030754814059846525)	(21.0, 0.04828280779118538)	(22.0, 0.07223265280509569)	(23.0, 0.10426642504896289)	(24.0, 0.14423600464401395)	(25.0, 0.1920260289923584)	(26.0, 0.2524204853324432)	(27.0, 0.3179450167046466)	(28.0, 0.39341067070988356)	(29.0, 0.4762509856024914)	(30.0, 0.5552003052181009)	(31.0, 0.6436819935705149)	(32.0, 0.7382722026927111)	(33.0, 0.8265758623446768)	(34.0, 0.9159761787914038)	(35.0, 1.0389313446986286)	(36.0, 1.1651052695099589)	(37.0, 1.2870791412203124)	(38.0, 1.3871925127452172)	(39.0, 1.4795096514200894)	(40.0, 1.6291520316393175)	(41.0, 1.8205528238357016)	(42.0, 2.085871132458224)	(43.0, 2.345197707138458)	(44.0, 2.532448294269991)	(45.0, 2.648961669680194)	(46.0, 2.6460006963343377)	(47.0, 2.6638904443849873)	(48.0, 2.8702014963013185)	(49.0, 3.0446909861847162)	(50.0, 3.093401062856978)	(51.0, 3.0955060742110785)	(52.0, 3.0766877284588903)	(53.0, 3.066269488908655)	(54.0, 3.0365401201633913)	(55.0, 3.078329865191826)	(56.0, 3.1311986923065596)	(57.0, 3.080833660834931)	(58.0, 3.179572650792374)	(59.0, 3.3457346701836026)	(60.0, 3.3978899582669393)	(61.0, 3.3692714886124726)	(62.0, 3.2458292361808216)	(63.0, 3.1141364216555933)	(64.0, 2.8781757578517992)	(65.0, 2.571540548429233)	(66.0, 2.396046976675306)	(67.0, 2.2108999766682707)	(68.0, 1.8898159579173193)	(69.0, 1.5300698023474095)	(70.0, 1.182507931036182)	(71.0, 0.9266194466190057)	(72.0, 0.753833335341497)	(73.0, 0.616420814728266)	(74.0, 0.5047768803327252)	(75.0, 0.4084704745382071)	(76.0, 0.31725568957651074)	(77.0, 0.25654790272363687)	(78.0, 0.21272578205088435)	(79.0, 0.1761472931419727)	(80.0, 0.14022110139150368)	(81.0, 0.10009343231045448)	(82.0, 0.07072724211410478)	(83.0, 0.04720893867008117)	(84.0, 0.029937306267387886)	(85.0, 0.017942444545982518)	(86.0, 0.01104917326462394)	(87.0, 0.007593992246323131)	(88.0, 0.0050204093526423545)	(89.0, 0.0038126626488010165)	(90.0, 0.002942458361009675)	(91.0, 0.002226070870405674)	(92.0, 0.0017859839228974504)	(93.0, 0.0015823190895845835)	(94.0, 0.0015794706303774101)	(95.0, 0.0016179248296742453)	(96.0, 0.0011550502085086382)	(97.0, 0.0004999045908588558)	(98.0, 0.0003532089416894479)	(99.0, 0.0001979679148985212)	(100.0, 6.266610255780528e-05)
SRR36750776_2	(0.0, 0.002469284108772421)	(1.0, 0.0029426110857426542)	(2.0, 0.005193765593682407)	(3.0, 0.008383019953569189)	(4.0, 0.01102766315320709)	(5.0, 0.012832578673822495)	(6.0, 0.01412139670750048)	(7.0, 0.01485562379527057)	(8.0, 0.015149314630378607)	(9.0, 0.015748101769919264)	(10.0, 0.01608884016599121)	(11.0, 0.016426727194732007)	(12.0, 0.017332036322370858)	(13.0, 0.01812899349142616)	(14.0, 0.01872492926363567)	(15.0, 0.019610278819956497)	(16.0, 0.021514992197162016)	(17.0, 0.02455882682316035)	(18.0, 0.029213683991256168)	(19.0, 0.03736004045634024)	(20.0, 0.049484054348372955)	(21.0, 0.06749329041189099)	(22.0, 0.09158877004374012)	(23.0, 0.12406014121083056)	(24.0, 0.16432144792661185)	(25.0, 0.21199488401970712)	(26.0, 0.27092979538716344)	(27.0, 0.3351354592662431)	(28.0, 0.41097612754006396)	(29.0, 0.49171544488879365)	(30.0, 0.5707667527774849)	(31.0, 0.6616768973964122)	(32.0, 0.755026386767135)	(33.0, 0.8389492557410891)	(34.0, 0.9266501864288117)	(35.0, 1.0477719936048964)	(36.0, 1.1748061109421122)	(37.0, 1.2984528038899266)	(38.0, 1.3962960481745355)	(39.0, 1.4886375791936979)	(40.0, 1.6358522488170997)	(41.0, 1.817490050545761)	(42.0, 2.0745493695505646)	(43.0, 2.3317968787992243)	(44.0, 2.5155532464549273)	(45.0, 2.631489842139323)	(46.0, 2.632400854001624)	(47.0, 2.653948636923094)	(48.0, 2.8519219220918908)	(49.0, 3.0185073556794326)	(50.0, 3.069462715570677)	(51.0, 3.0691832815722244)	(52.0, 3.0495002928853236)	(53.0, 3.042805282391793)	(54.0, 3.012930081179711)	(55.0, 3.0496257530478945)	(56.0, 3.09805907853474)	(57.0, 3.0502658850137365)	(58.0, 3.1365197467809027)	(59.0, 3.295453536135314)	(60.0, 3.351739527252136)	(61.0, 3.31701557589344)	(62.0, 3.1945707342757035)	(63.0, 3.060105953673521)	(64.0, 2.832736497004275)	(65.0, 2.5387462683264683)	(66.0, 2.3544666747655003)	(67.0, 2.1672145307618127)	(68.0, 1.861201511732229)	(69.0, 1.5138793084926678)	(70.0, 1.1712390504108485)	(71.0, 0.9195773697639041)	(72.0, 0.7456268543600123)	(73.0, 0.6071273889842584)	(74.0, 0.4985074018715834)	(75.0, 0.4043481241788151)	(76.0, 0.3157532898327783)	(77.0, 0.25666012757844336)	(78.0, 0.21286312537204108)	(79.0, 0.17709699925381142)	(80.0, 0.14383009660133125)	(81.0, 0.10567737602693243)	(82.0, 0.07679587632975476)	(83.0, 0.05273176173854824)	(84.0, 0.036129675452950746)	(85.0, 0.025355783992215653)	(86.0, 0.018290095745635906)	(87.0, 0.014577615480483837)	(88.0, 0.012477583441094823)	(89.0, 0.011595085252105139)	(90.0, 0.011067582295843132)	(91.0, 0.011088967550826728)	(92.0, 0.01126147527436106)	(93.0, 0.011693457425029676)	(94.0, 0.012645814113632433)	(95.0, 0.013582488281913888)	(96.0, 0.01439797933862164)	(97.0, 0.015819385953197915)	(98.0, 0.019041431037392875)	(99.0, 0.026711609158175567)	(100.0, 0.11902034945303006)
SRR36750778_1	(0.0, 0.00028029306196812446)	(1.0, 0.00021644853118649613)	(2.0, 0.0001635042861480726)	(3.0, 0.00018997640866728435)	(4.0, 0.0001993195107328885)	(5.0, 0.00019309077602248573)	(6.0, 0.00019620514337768713)	(7.0, 0.00021644853118649613)	(8.0, 0.0002553781231265134)	(9.0, 0.0002958648987441314)	(10.0, 0.00031766547023054104)	(11.0, 0.0004048677561761798)	(12.0, 0.000590172613810662)	(13.0, 0.0007583484509915367)	(14.0, 0.001079128288577279)	(15.0, 0.001731588249491969)	(16.0, 0.0030707662122285632)	(17.0, 0.005341140014170372)	(18.0, 0.00932285867779534)	(19.0, 0.016962401800104332)	(20.0, 0.030866494857400905)	(21.0, 0.050543067807563236)	(22.0, 0.0799426956406643)	(23.0, 0.12446257698326806)	(24.0, 0.18012566472278238)	(25.0, 0.2506676425017713)	(26.0, 0.3364061757904654)	(27.0, 0.42942765713929787)	(28.0, 0.5364887065253782)	(29.0, 0.6528617143035107)	(30.0, 0.7699432406549515)	(31.0, 0.9073600286521797)	(32.0, 1.0606974625691974)	(33.0, 1.2076348715712761)	(34.0, 1.3225067542842017)	(35.0, 1.4753334319549662)	(36.0, 1.672465099620826)	(37.0, 1.879363423312597)	(38.0, 2.0715136603938116)	(39.0, 2.2738120635019503)	(40.0, 2.421889330956033)	(41.0, 2.5232137156738323)	(42.0, 2.7698451380832623)	(43.0, 3.0245505578610525)	(44.0, 3.1239346917165616)	(45.0, 3.2173018678418215)	(46.0, 3.2200269392776226)	(47.0, 3.164977381907083)	(48.0, 3.2380918271214685)	(49.0, 3.235673520870154)	(50.0, 3.2107757110489965)	(51.0, 3.2206015400546573)	(52.0, 3.1554956904941722)	(53.0, 3.0611319168152478)	(54.0, 2.969524358245677)	(55.0, 2.9183817747222376)	(56.0, 2.8614308960813473)	(57.0, 2.729347462179901)	(58.0, 2.6462249974695764)	(59.0, 2.603419575356011)	(60.0, 2.497629187850853)	(61.0, 2.3804059577847503)	(62.0, 2.2512001993195105)	(63.0, 2.1020220030053647)	(64.0, 1.9442356953214417)	(65.0, 1.7614550324283502)	(66.0, 1.5831870878329453)	(67.0, 1.4345819351121563)	(68.0, 1.258047135949921)	(69.0, 1.0760263786914985)	(70.0, 0.8949134595171173)	(71.0, 0.7178772472106947)	(72.0, 0.5940391008821446)	(73.0, 0.4911295031805476)	(74.0, 0.4133294922802619)	(75.0, 0.344495744995601)	(76.0, 0.28185647438043554)	(77.0, 0.24408075554552036)	(78.0, 0.21419528640500793)	(79.0, 0.18721707919057592)	(80.0, 0.16029025903750477)	(81.0, 0.12497800478055389)	(82.0, 0.09623083690836752)	(83.0, 0.07471678721863638)	(84.0, 0.05770611272452643)	(85.0, 0.04261856007225332)	(86.0, 0.031842849023256535)	(87.0, 0.022938872754735787)	(88.0, 0.014589253875440876)	(89.0, 0.01033969961926859)	(90.0, 0.0070088837328807115)	(91.0, 0.0042106246642322695)	(92.0, 0.0026908133948939945)	(93.0, 0.0020134384951376936)	(94.0, 0.0016942158412295524)	(95.0, 0.0017923184129183956)	(96.0, 0.001376550370999011)	(97.0, 0.0005029703278650233)	(98.0, 0.000272507143580121)	(99.0, 0.00013236061259605877)	(100.0, 8.253073491283664e-05)
SRR36750778_2	(0.0, 0.0026681274456633584)	(1.0, 0.0038884217154965418)	(2.0, 0.007486965098695546)	(3.0, 0.011970728335362299)	(4.0, 0.015637845087491904)	(5.0, 0.018019211172172752)	(6.0, 0.019398470979072328)	(7.0, 0.020801108070834608)	(8.0, 0.021661392153782138)	(9.0, 0.02183750103308118)	(10.0, 0.021828150119136098)	(11.0, 0.021874904688861507)	(12.0, 0.022071273881708226)	(13.0, 0.02238920495584101)	(14.0, 0.023093640473037177)	(15.0, 0.024197048318556836)	(16.0, 0.026196585417146843)	(17.0, 0.028881856205042855)	(18.0, 0.03383160665330619)	(19.0, 0.042220934947702134)	(20.0, 0.05648731265658202)	(21.0, 0.07809883326932372)	(22.0, 0.10898022657295658)	(23.0, 0.15253678372914792)	(24.0, 0.20823706112868554)	(25.0, 0.27855593399570117)	(26.0, 0.36354171538557767)	(27.0, 0.45642434360207584)	(28.0, 0.559747267238258)	(29.0, 0.672090705860129)	(30.0, 0.7906197740566716)	(31.0, 0.9247399327709809)	(32.0, 1.0741690960990464)	(33.0, 1.220426741114072)	(34.0, 1.3416987440678385)	(35.0, 1.4926178196844875)	(36.0, 1.6786823053637263)	(37.0, 1.8853546468922682)	(38.0, 2.080221459565144)	(39.0, 2.2769600135126944)	(40.0, 2.4186871407213273)	(41.0, 2.5237166061524867)	(42.0, 2.7580240153600606)	(43.0, 3.000243856250831)	(44.0, 3.1016778952701065)	(45.0, 3.1781823977117942)	(46.0, 3.181461451535203)	(47.0, 3.139581824946496)	(48.0, 3.205454338232625)	(49.0, 3.203043360920452)	(50.0, 3.1751558185649023)	(51.0, 3.1677888568618355)	(52.0, 3.102809355857462)	(53.0, 3.023047618391571)	(54.0, 2.935354747414593)	(55.0, 2.8754340908545086)	(56.0, 2.8112774702773016)	(57.0, 2.6878407307452488)	(58.0, 2.6077657376621977)	(59.0, 2.561922882046434)	(60.0, 2.4612836707124903)	(61.0, 2.345301168080325)	(62.0, 2.214701628466339)	(63.0, 2.0655436416426807)	(64.0, 1.9038336113334073)	(65.0, 1.72622391034618)	(66.0, 1.5519758629222096)	(67.0, 1.4020152559849317)	(68.0, 1.233154893478986)	(69.0, 1.0559488402770545)	(70.0, 0.8791776045735694)	(71.0, 0.7119739123215606)	(72.0, 0.5915871292212617)	(73.0, 0.48872551733970365)	(74.0, 0.4109056530030748)	(75.0, 0.3434575107171994)	(76.0, 0.28236798991397954)	(77.0, 0.2424754325386028)	(78.0, 0.2117592387146664)	(79.0, 0.1848052292679679)	(80.0, 0.15879098667275016)	(81.0, 0.12560303459599712)	(82.0, 0.09846200687039701)	(83.0, 0.07873781238890433)	(84.0, 0.06209318556665861)	(85.0, 0.04764446503584961)	(86.0, 0.03700468345200396)	(87.0, 0.027976376038027426)	(88.0, 0.020568893707865073)	(89.0, 0.01732100959760664)	(90.0, 0.01484457588781746)	(91.0, 0.01247567768839672)	(92.0, 0.011486039295875557)	(93.0, 0.011448635640095229)	(94.0, 0.012121901444141124)	(95.0, 0.013449731224342749)	(96.0, 0.01426326073756487)	(97.0, 0.015357317669139448)	(98.0, 0.018519485068234632)	(99.0, 0.02573839063383783)	(100.0, 0.10025894083351024)
SRR36750779_1	(0.0, 0.00015721087960637463)	(1.0, 0.000126535586024643)	(2.0, 8.819146904747845e-05)	(3.0, 9.96947041406278e-05)	(4.0, 0.00011694955678035187)	(5.0, 0.00015145926205979994)	(6.0, 0.00018405176149038983)	(7.0, 0.00017254852639724046)	(8.0, 0.0001898033790369645)	(9.0, 0.00022239587846755438)	(10.0, 0.0002607399954447189)	(11.0, 0.00034126264109676443)	(12.0, 0.00044095734523739224)	(13.0, 0.0006135058716346327)	(14.0, 0.000903003954812225)	(15.0, 0.0014340699749459539)	(16.0, 0.0025997311310517563)	(17.0, 0.004507350950665692)	(18.0, 0.007931480596726485)	(19.0, 0.014628280626788275)	(20.0, 0.026003062928064133)	(21.0, 0.042801620575759924)	(22.0, 0.06765819440620684)	(23.0, 0.10531978610117784)	(24.0, 0.15434082245063388)	(25.0, 0.21377612097108778)	(26.0, 0.2835509106344341)	(27.0, 0.35969849253938513)	(28.0, 0.4513658557908436)	(29.0, 0.5519999907974119)	(30.0, 0.6519285940516004)	(31.0, 0.775576868067863)	(32.0, 0.9216641193391621)	(33.0, 1.0463879458366343)	(34.0, 1.1452448310213108)	(35.0, 1.3006439511005143)	(36.0, 1.485401244343284)	(37.0, 1.677863787892615)	(38.0, 1.8479084434512467)	(39.0, 2.013599124527121)	(40.0, 2.1782027498866934)	(41.0, 2.335860338455852)	(42.0, 2.6061480190278847)	(43.0, 2.8835638709459723)	(44.0, 3.0576595824632413)	(45.0, 3.175021338501098)	(46.0, 3.16000578229284)	(47.0, 3.11711980465973)	(48.0, 3.208840849674957)	(49.0, 3.28862920548689)	(50.0, 3.311296330237941)	(51.0, 3.279068099918634)	(52.0, 3.1998702435081494)	(53.0, 3.1322849029241993)	(54.0, 3.03836865721203)	(55.0, 2.9702560850196438)	(56.0, 2.9292240454423797)	(57.0, 2.7942738429470984)	(58.0, 2.730534417295958)	(59.0, 2.7555347815650686)	(60.0, 2.7060440297826425)	(61.0, 2.598797451803362)	(62.0, 2.472821689886586)	(63.0, 2.354629783716174)	(64.0, 2.192863623012912)	(65.0, 1.9891835080419116)	(66.0, 1.8051451669924639)	(67.0, 1.622933923116978)	(68.0, 1.3876237460515144)	(69.0, 1.1500110047615726)	(70.0, 0.9454336374533066)	(71.0, 0.7635464013662776)	(72.0, 0.6323807632166419)	(73.0, 0.5274961828431549)	(74.0, 0.4414289778762114)	(75.0, 0.37022203544376797)	(76.0, 0.3051635721686129)	(77.0, 0.26204177821609365)	(78.0, 0.23207201638674185)	(79.0, 0.20770049563605605)	(80.0, 0.1765113908868304)	(81.0, 0.1372757731899468)	(82.0, 0.10679986901649642)	(83.0, 0.08222320723998279)	(84.0, 0.06271563772785033)	(85.0, 0.046672459184604685)	(86.0, 0.03441001057530746)	(87.0, 0.02488724912402865)	(88.0, 0.01591856016306986)	(89.0, 0.010985589513957643)	(90.0, 0.007471351193000512)	(91.0, 0.004513102568212267)	(92.0, 0.0030291852411959987)	(93.0, 0.0022143727554312523)	(94.0, 0.0018961165845207868)	(95.0, 0.0021932834910938117)	(96.0, 0.0017964218803801588)	(97.0, 0.000684442488042387)	(98.0, 0.00036810352298077966)	(99.0, 0.00015145926205979994)	(100.0, 7.668823395432909e-05)
SRR36750779_2	(0.0, 0.0023982670927805315)	(1.0, 0.0035379236152698395)	(2.0, 0.007568930944815356)	(3.0, 0.012804827661773812)	(4.0, 0.01671496232984319)	(5.0, 0.018978926465428012)	(6.0, 0.02069608570385887)	(7.0, 0.021858765590438874)	(8.0, 0.02189138202290069)	(9.0, 0.022096673686042703)	(10.0, 0.022522605921720524)	(11.0, 0.022812316586528412)	(12.0, 0.02283725856429333)	(13.0, 0.02294661954372412)	(14.0, 0.023328423664894783)	(15.0, 0.023852205197958047)	(16.0, 0.02518756031521825)	(17.0, 0.02725198862868373)	(18.0, 0.031114157954897498)	(19.0, 0.038871113039786846)	(20.0, 0.051150240554823166)	(21.0, 0.06941352411976547)	(22.0, 0.09502893528433576)	(23.0, 0.1330923119672741)	(24.0, 0.18089840888792413)	(25.0, 0.23875228562048745)	(26.0, 0.30896011580138183)	(27.0, 0.3861728045068696)	(28.0, 0.47715346493859184)	(29.0, 0.5756934632467583)	(30.0, 0.6732396196716764)	(31.0, 0.7898894124508473)	(32.0, 0.9336242744690443)	(33.0, 1.0626913349477956)	(34.0, 1.1627681428090157)	(35.0, 1.3112726784213347)	(36.0, 1.4885775238974366)	(37.0, 1.6863136863903543)	(38.0, 1.8606734598765213)	(39.0, 2.0173666386504303)	(40.0, 2.169802413681235)	(41.0, 2.32061696015732)	(42.0, 2.588173392868939)	(43.0, 2.863860910331921)	(44.0, 3.0334874638837763)	(45.0, 3.1433894923706998)	(46.0, 3.122349974819155)	(47.0, 3.087718997999404)	(48.0, 3.1821147907712453)	(49.0, 3.2627119139980656)	(50.0, 3.2803919390060434)	(51.0, 3.2398669809790754)	(52.0, 3.1645211033786076)	(53.0, 3.098121721341049)	(54.0, 3.008102286360113)	(55.0, 2.942888607573225)	(56.0, 2.8993706122144665)	(57.0, 2.7643059653900894)	(58.0, 2.694021390662226)	(59.0, 2.716237018396071)	(60.0, 2.664885323405454)	(61.0, 2.5613089642024485)	(62.0, 2.4440068427740416)	(63.0, 2.318988057147904)	(64.0, 2.153641930703243)	(65.0, 1.946519910116019)	(66.0, 1.7612547365055602)	(67.0, 1.5892260786335755)	(68.0, 1.3676664901478133)	(69.0, 1.133505447049745)	(70.0, 0.9311224022378557)	(71.0, 0.7533225544338039)	(72.0, 0.6247984616248582)	(73.0, 0.5220183270966557)	(74.0, 0.437624267408546)	(75.0, 0.3674106813866289)	(76.0, 0.3033750313957145)	(77.0, 0.25927185886631765)	(78.0, 0.22703531191199888)	(79.0, 0.20368002765566495)	(80.0, 0.17533826646002174)	(81.0, 0.13797134654082685)	(82.0, 0.10663462939971931)	(83.0, 0.08187491993385311)	(84.0, 0.06448652420435715)	(85.0, 0.050165991739946035)	(86.0, 0.03814779568460424)	(87.0, 0.028550890086133665)	(88.0, 0.02065963204404861)	(89.0, 0.016904905083591406)	(90.0, 0.01394448418426312)	(91.0, 0.01146371670349094)	(92.0, 0.010648305891945558)	(93.0, 0.010443014228803544)	(94.0, 0.010801794985883512)	(95.0, 0.011780287959737968)	(96.0, 0.012190871286021997)	(97.0, 0.012505523928594801)	(98.0, 0.01449128908141708)	(99.0, 0.019803930345344514)	(100.0, 0.08647191829729484)
SRR36750780_1	(0.0, 0.0014779220830964416)	(1.0, 0.001125468314431737)	(2.0, 0.0006708540331105968)	(3.0, 0.0005125052384931209)	(4.0, 0.000439290204422675)	(5.0, 0.0004035340249929224)	(6.0, 0.0003916152985163382)	(7.0, 0.00040864205062574423)	(8.0, 0.00041204740104762536)	(9.0, 0.0004699383582196059)	(10.0, 0.0005278293153915863)	(11.0, 0.0006368005288917847)	(12.0, 0.0008172841012514885)	(13.0, 0.0009841462719236674)	(14.0, 0.0012565743056741634)	(15.0, 0.0019069962362534732)	(16.0, 0.0031295170377088244)	(17.0, 0.005024594547485713)	(18.0, 0.008300541653335429)	(19.0, 0.014065799917580302)	(20.0, 0.023413486825644203)	(21.0, 0.03734647807677114)	(22.0, 0.05853627107692692)	(23.0, 0.09348538245669369)	(24.0, 0.13996330768973927)	(25.0, 0.19716808675171063)	(26.0, 0.2700834499850309)	(27.0, 0.35736768932347895)	(28.0, 0.46282628386350694)	(29.0, 0.5742663764195693)	(30.0, 0.6848840768487473)	(31.0, 0.8197053054014459)	(32.0, 0.9711344279616593)	(33.0, 1.1198341621587347)	(34.0, 1.2643044511318338)	(35.0, 1.439521649064098)	(36.0, 1.647484696653172)	(37.0, 1.88148505356795)	(38.0, 2.0816055791354318)	(39.0, 2.32547293889761)	(40.0, 2.5004755997532957)	(41.0, 2.601262053514503)	(42.0, 2.885787594638732)	(43.0, 3.1941539940665518)	(44.0, 3.3666962892424284)	(45.0, 3.449119390853641)	(46.0, 3.407373200031799)	(47.0, 3.4249005386532216)	(48.0, 3.506710677188496)	(49.0, 3.4205961757199637)	(50.0, 3.3626217874626474)	(51.0, 3.350995921122345)	(52.0, 3.243269363201344)	(53.0, 3.094351686577268)	(54.0, 2.971440671125099)	(55.0, 2.9187513867225423)	(56.0, 2.8396706365504056)	(57.0, 2.668245296312906)	(58.0, 2.59667674917144)	(59.0, 2.6002438537383608)	(60.0, 2.535332766671672)	(61.0, 2.3990489401127753)	(62.0, 2.2417660201773484)	(63.0, 2.105310223422147)	(64.0, 1.9437467780064148)	(65.0, 1.7459827549308753)	(66.0, 1.5615728135347422)	(67.0, 1.384228974264013)	(68.0, 1.1814028977863469)	(69.0, 0.9832847182669314)	(70.0, 0.8023295048737972)	(71.0, 0.6417876645846298)	(72.0, 0.5249398755586201)	(73.0, 0.428713186012312)	(74.0, 0.350141535728247)	(75.0, 0.2849256697988002)	(76.0, 0.2246271298785497)	(77.0, 0.18813539475767074)	(78.0, 0.15696792502140305)	(79.0, 0.130024792483479)	(80.0, 0.1035039233978682)	(81.0, 0.07099644827059023)	(82.0, 0.04494040951756622)	(83.0, 0.026643461700798524)	(84.0, 0.015223619061019914)	(85.0, 0.008038329670850577)	(86.0, 0.0045137919842035325)	(87.0, 0.0030528966532164976)	(88.0, 0.0022543419792853555)	(89.0, 0.0018201598004955024)	(90.0, 0.0015051648864714913)	(91.0, 0.0011612244938614897)	(92.0, 0.0009466874172829741)	(93.0, 0.0008479322550484193)	(94.0, 0.0008922018105328748)	(95.0, 0.001374058895229065)	(96.0, 0.0011629271690724303)	(97.0, 0.0003354270165552984)	(98.0, 0.00016686217067217888)	(99.0, 9.024178617985184e-05)	(100.0, 6.640433322668343e-05)
SRR36750780_2	(0.0, 0.003936697025644752)	(1.0, 0.005288125917998124)	(2.0, 0.009332187407978643)	(3.0, 0.014415809584384832)	(4.0, 0.018412153534660566)	(5.0, 0.02122748837724287)	(6.0, 0.023260596408236026)	(7.0, 0.024431380328849856)	(8.0, 0.024963090056988886)	(9.0, 0.025600460051617084)	(10.0, 0.026149211758222112)	(11.0, 0.026362236489047047)	(12.0, 0.026720118036832934)	(13.0, 0.027013240066448035)	(14.0, 0.027551766585973466)	(15.0, 0.027967590860543737)	(16.0, 0.028887857697707443)	(17.0, 0.03127373468294669)	(18.0, 0.034782678049094976)	(19.0, 0.04099447919995)	(20.0, 0.05177012218399839)	(21.0, 0.06701246772398395)	(22.0, 0.08824166029907343)	(23.0, 0.12393097160255932)	(24.0, 0.17130426334233112)	(25.0, 0.2284579465237372)	(26.0, 0.30066310508630967)	(27.0, 0.387394846093296)	(28.0, 0.49172072566857516)	(29.0, 0.6030474499976848)	(30.0, 0.7149655309795645)	(31.0, 0.8454355097195261)	(32.0, 0.9917289654651634)	(33.0, 1.1407389125782805)	(34.0, 1.2896534246119877)	(35.0, 1.4614740599018385)	(36.0, 1.663597037102074)	(37.0, 1.89691194748862)	(38.0, 2.0989701651706847)	(39.0, 2.3224228826189597)	(40.0, 2.483295750942255)	(41.0, 2.592655830956389)	(42.0, 2.864293038319417)	(43.0, 3.159257305806698)	(44.0, 3.325638141570203)	(45.0, 3.398787425739792)	(46.0, 3.358149123889781)	(47.0, 3.3755200125401696)	(48.0, 3.4481682625428576)	(49.0, 3.3769736933033188)	(50.0, 3.3255103267317088)	(51.0, 3.297287106194174)	(52.0, 3.1888166174559656)	(53.0, 3.045752616629634)	(54.0, 2.9238291900903692)	(55.0, 2.8702423930018957)	(56.0, 2.793659150171409)	(57.0, 2.6271385701844827)	(58.0, 2.5499009153809022)	(59.0, 2.54412368468093)	(60.0, 2.4765948450094264)	(61.0, 2.3510823778052226)	(62.0, 2.201402680938392)	(63.0, 2.060278057261491)	(64.0, 1.9009832761441459)	(65.0, 1.7093990584272813)	(66.0, 1.5302009506595016)	(67.0, 1.3613047188744156)	(68.0, 1.1663581188062102)	(69.0, 0.9710519329923722)	(70.0, 0.7933978284736114)	(71.0, 0.6338695722512827)	(72.0, 0.5165679302719952)	(73.0, 0.4233397870737718)	(74.0, 0.34783700567802933)	(75.0, 0.28370804071049166)	(76.0, 0.22521485802165842)	(77.0, 0.18846553565758764)	(78.0, 0.1568458488117813)	(79.0, 0.12977125762285568)	(80.0, 0.10469739470583782)	(81.0, 0.07559310388161224)	(82.0, 0.05226945215305204)	(83.0, 0.03468724296968541)	(84.0, 0.022970882774314118)	(85.0, 0.01652901491416816)	(86.0, 0.01302347994371307)	(87.0, 0.011585136961183127)	(88.0, 0.011164200093073062)	(89.0, 0.01100911808903251)	(90.0, 0.010842106700065763)	(91.0, 0.011162495895226462)	(92.0, 0.01145050533130177)	(93.0, 0.011793049098468261)	(94.0, 0.012578684305750612)	(95.0, 0.014185742875093903)	(96.0, 0.015515017195441481)	(97.0, 0.01716468071094976)	(98.0, 0.02054751343644969)	(99.0, 0.028552130721927353)	(100.0, 0.10799331334116118)
SRR36750781_1	(0.0, 0.000320555131035276)	(1.0, 0.0002536260377421963)	(2.0, 0.00018845823637788202)	(3.0, 0.000160277565517638)	(4.0, 0.00016732273323269897)	(5.0, 0.00022016149109565657)	(6.0, 0.0002307292426682481)	(7.0, 0.00023953570231207433)	(8.0, 0.00030822608753391917)	(9.0, 0.00037867776468452925)	(10.0, 0.0004297552306187216)	(11.0, 0.0005142972431994537)	(12.0, 0.0005988392557801859)	(13.0, 0.0008084329953032509)	(14.0, 0.0014072722510834368)	(15.0, 0.00233723438947149)	(16.0, 0.004190113498532536)	(17.0, 0.006923638571976208)	(18.0, 0.0116227654379219)	(19.0, 0.021838258624760364)	(20.0, 0.03612585875090409)	(21.0, 0.05562688298619297)	(22.0, 0.08516374863158625)	(23.0, 0.12625292803775082)	(24.0, 0.17786230413443024)	(25.0, 0.24158232353329953)	(26.0, 0.317036069761603)	(27.0, 0.3986032602746506)	(28.0, 0.4982571576041886)	(29.0, 0.603947002373605)	(30.0, 0.707893168133544)	(31.0, 0.8453426289624555)	(32.0, 1.0064550468543283)	(33.0, 1.1510641593736703)	(34.0, 1.2507268631628523)	(35.0, 1.3945204975191763)	(36.0, 1.5945028669869694)	(37.0, 1.8232894046577894)	(38.0, 2.0128202678202896)	(39.0, 2.2137590188054017)	(40.0, 2.3960139850101725)	(41.0, 2.5442813008655607)	(42.0, 2.903382305761864)	(43.0, 3.2342286655369152)	(44.0, 3.3459949674605722)	(45.0, 3.4656395281815953)	(46.0, 3.4170666193701074)	(47.0, 3.3198521113619095)	(48.0, 3.460704388197195)	(49.0, 3.4861990888660723)	(50.0, 3.406329783772354)	(51.0, 3.3421641575155077)	(52.0, 3.1902509673675756)	(53.0, 3.025276036275921)	(54.0, 2.8974573197134976)	(55.0, 2.8205540302278203)	(56.0, 2.769275777013749)	(57.0, 2.6303256954615293)	(58.0, 2.5611544775431314)	(59.0, 2.5804899403371166)	(60.0, 2.52066061480889)	(61.0, 2.4081034928092175)	(62.0, 2.300897175689134)	(63.0, 2.1885302732177685)	(64.0, 1.9931624886033406)	(65.0, 1.771572589753455)	(66.0, 1.6055761093431165)	(67.0, 1.4347959600542515)	(68.0, 1.2246562200332691)	(69.0, 1.0145781252297936)	(70.0, 0.8113637850727162)	(71.0, 0.6491347080980063)	(72.0, 0.5259781312710249)	(73.0, 0.4208201966640955)	(74.0, 0.34740426519737344)	(75.0, 0.28725086195425376)	(76.0, 0.2295121899454713)	(77.0, 0.19123403245761605)	(78.0, 0.1648181761099948)	(79.0, 0.1422049490365777)	(80.0, 0.11665212573405144)	(81.0, 0.08469876756239222)	(82.0, 0.0588183439611156)	(83.0, 0.03890165483063813)	(84.0, 0.02536084248229087)	(85.0, 0.016408195608377092)	(86.0, 0.010227822230339821)	(87.0, 0.006719328708239438)	(88.0, 0.004486010542565097)	(89.0, 0.0032742416955746046)	(90.0, 0.0025239313339206065)	(91.0, 0.0017841887238392005)	(92.0, 0.0014724400524477512)	(93.0, 0.0012047236792754326)	(94.0, 0.0010849558281193954)	(95.0, 0.0013632399528643055)	(96.0, 0.001088478411976926)	(97.0, 0.0004878778642679749)	(98.0, 0.0003223164229640412)	(99.0, 0.00016380014937516848)	(100.0, 9.158718029579312e-05)
SRR36750781_2	(0.0, 0.0029895932716524068)	(1.0, 0.004242895639662348)	(2.0, 0.008036294649447714)	(3.0, 0.01253654914386316)	(4.0, 0.0161519122335796)	(5.0, 0.018699059802882508)	(6.0, 0.020324298597967128)	(7.0, 0.021154545314328147)	(8.0, 0.02176445054545535)	(9.0, 0.02217869253769492)	(10.0, 0.022256252740497223)	(11.0, 0.022400796754810607)	(12.0, 0.022744529471775358)	(13.0, 0.02342670671005925)	(14.0, 0.024064815651296378)	(15.0, 0.025113641121009337)	(16.0, 0.02688518666228922)	(17.0, 0.029416469644655285)	(18.0, 0.03432744066754656)	(19.0, 0.04519644545116021)	(20.0, 0.06016909005576843)	(21.0, 0.08047399860303499)	(22.0, 0.11010552153727848)	(23.0, 0.15178179142034323)	(24.0, 0.20423716676104628)	(25.0, 0.26661495986479844)	(26.0, 0.34100929620726206)	(27.0, 0.42440590427043834)	(28.0, 0.5239279835889662)	(29.0, 0.6278516044165248)	(30.0, 0.7317593606571465)	(31.0, 0.8702219499780761)	(32.0, 1.0316934785530616)	(33.0, 1.168495574441269)	(34.0, 1.2694384156565846)	(35.0, 1.4151951895046944)	(36.0, 1.6087713538441877)	(37.0, 1.845437499036006)	(38.0, 2.0396676369036735)	(39.0, 2.220019786665374)	(40.0, 2.3919883835968982)	(41.0, 2.539058392697002)	(42.0, 2.881603028373373)	(43.0, 3.199014632878034)	(44.0, 3.3074684746420004)	(45.0, 3.4195112385174546)	(46.0, 3.3762326453537694)	(47.0, 3.293897201883479)	(48.0, 3.4266890827404315)	(49.0, 3.457172005173618)	(50.0, 3.377522965091299)	(51.0, 3.294373139491584)	(52.0, 3.145896470349748)	(53.0, 2.9827503464869856)	(54.0, 2.852473884025463)	(55.0, 2.7832425893649977)	(56.0, 2.726563708435333)	(57.0, 2.585857161428782)	(58.0, 2.5155770412986045)	(59.0, 2.53235648608213)	(60.0, 2.479141373300341)	(61.0, 2.36813862123519)	(62.0, 2.2559777543236508)	(63.0, 2.1407920395028217)	(64.0, 1.9523277976207527)	(65.0, 1.7370682684023702)	(66.0, 1.5714243534629968)	(67.0, 1.4025705037667378)	(68.0, 1.201825308863677)	(69.0, 0.999054735028347)	(70.0, 0.8030742044019821)	(71.0, 0.6458773006405327)	(72.0, 0.5218867400697601)	(73.0, 0.4201559577032485)	(74.0, 0.34634684834556595)	(75.0, 0.2829431452865651)	(76.0, 0.22794767330408666)	(77.0, 0.19147675066818554)	(78.0, 0.1645704112233139)	(79.0, 0.14163550670829653)	(80.0, 0.11652891651481466)	(81.0, 0.0865783391099526)	(82.0, 0.06275854319023623)	(83.0, 0.044456098060774586)	(84.0, 0.03117567606276207)	(85.0, 0.022055301305963983)	(86.0, 0.01624886248708248)	(87.0, 0.013037164998314388)	(88.0, 0.01126209399327077)	(89.0, 0.010567577631813785)	(90.0, 0.009998215233969607)	(91.0, 0.009661533444532336)	(92.0, 0.009871298538474928)	(93.0, 0.01028025233506889)	(94.0, 0.010749139015646449)	(95.0, 0.01196718674601898)	(96.0, 0.012977232114330788)	(97.0, 0.014006667533343176)	(98.0, 0.016661341747440182)	(99.0, 0.023271586304454642)	(100.0, 0.09721466328515935)
SRR36750783_1	(0.0, 0.0008733904178815059)	(1.0, 0.0006912261307233633)	(2.0, 0.00043669520894075296)	(3.0, 0.00034561306536168166)	(4.0, 0.0003094297480494478)	(5.0, 0.00028946653849787053)	(6.0, 0.00031941135282523644)	(7.0, 0.00034436536476470804)	(8.0, 0.00040675039461338705)	(9.0, 0.0004853555322227226)	(10.0, 0.0005402543584895601)	(11.0, 0.0006812445259475747)	(12.0, 0.0008783812202694003)	(13.0, 0.0011965448724976632)	(14.0, 0.001688138907705254)	(15.0, 0.002534079912453341)	(16.0, 0.004250915933888987)	(17.0, 0.006823674564848508)	(18.0, 0.011345341528280763)	(19.0, 0.02142426695063334)	(20.0, 0.03428930780602792)	(21.0, 0.05197296836693447)	(22.0, 0.07824205673561622)	(23.0, 0.11488577556813329)	(24.0, 0.16290103764146757)	(25.0, 0.21926840751094298)	(26.0, 0.283260475728524)	(27.0, 0.35603386074760496)	(28.0, 0.4451883069043521)	(29.0, 0.5373072896795085)	(30.0, 0.6260537377410452)	(31.0, 0.7417891974157176)	(32.0, 0.8737597372582102)	(33.0, 1.0158179364272342)	(34.0, 1.149762338614139)	(35.0, 1.3151737498567173)	(36.0, 1.5370311361063804)	(37.0, 1.7942308894659171)	(38.0, 1.9892128048567694)	(39.0, 2.2173723268217462)	(40.0, 2.439003879263357)	(41.0, 2.621400238732537)	(42.0, 3.0371041328298065)	(43.0, 3.4474753545756105)	(44.0, 3.675561262205366)	(45.0, 3.796685540758367)	(46.0, 3.6701699479258427)	(47.0, 3.647184807528396)	(48.0, 3.7961889559207713)	(49.0, 3.7028422357581934)	(50.0, 3.5238870345354667)	(51.0, 3.3856692578039276)	(52.0, 3.16227595211939)	(53.0, 2.905302032567905)	(54.0, 2.7380677307531487)	(55.0, 2.6830378959236287)	(56.0, 2.633612732175714)	(57.0, 2.4712332333837814)	(58.0, 2.4341640486476965)	(59.0, 2.4970880851542683)	(60.0, 2.4833596354857677)	(61.0, 2.397154753540266)	(62.0, 2.265960283469091)	(63.0, 2.1426363087636258)	(64.0, 1.9685720938810356)	(65.0, 1.76974102214852)	(66.0, 1.614920093573053)	(67.0, 1.4326647242713313)	(68.0, 1.2084479361927911)	(69.0, 1.0025573744825989)	(70.0, 0.7969213436941892)	(71.0, 0.622621313398771)	(72.0, 0.4993335220106176)	(73.0, 0.3980314628417357)	(74.0, 0.31913810639449924)	(75.0, 0.2592048082188733)	(76.0, 0.20474018175978262)	(77.0, 0.1665929837079124)	(78.0, 0.14199331873798127)	(79.0, 0.12370327568694559)	(80.0, 0.10068195197218606)	(81.0, 0.0731614199047398)	(82.0, 0.04897349613180999)	(83.0, 0.030191859045566687)	(84.0, 0.018847765217882898)	(85.0, 0.011824458557518618)	(86.0, 0.007296553091101496)	(87.0, 0.00500827019625195)	(88.0, 0.0034798369649593143)	(89.0, 0.002608941948271756)	(90.0, 0.0021423019250036367)	(91.0, 0.0015833320575594728)	(92.0, 0.0013412781417465984)	(93.0, 0.001310085626822259)	(94.0, 0.001389938465028568)	(95.0, 0.0018041750632237965)	(96.0, 0.0014860114109955338)	(97.0, 0.0006151163943079749)	(98.0, 0.00034311766416773447)	(99.0, 0.0001559625746216975)	(100.0, 8.73390417881506e-05)
SRR36750783_2	(0.0, 0.0035966560539920016)	(1.0, 0.004631943508422338)	(2.0, 0.008153669227956174)	(3.0, 0.012507121659975659)	(4.0, 0.015880235549500795)	(5.0, 0.018346692392082118)	(6.0, 0.02014127390235521)	(7.0, 0.021307689442087337)	(8.0, 0.022332986185256587)	(9.0, 0.023062308107316076)	(10.0, 0.02337202015640983)	(11.0, 0.023667994977519587)	(12.0, 0.024131314212252584)	(13.0, 0.024800691866745543)	(14.0, 0.025824739771007153)	(15.0, 0.027093560101165443)	(16.0, 0.028820704310426187)	(17.0, 0.03154067545125763)	(18.0, 0.03660097070499916)	(19.0, 0.04730476898234827)	(20.0, 0.06136294856560798)	(21.0, 0.08011176708594893)	(22.0, 0.1069780385059246)	(23.0, 0.14477289920662387)	(24.0, 0.19304926485911306)	(25.0, 0.2487674615622058)	(26.0, 0.3145900138669824)	(27.0, 0.3887235891020772)	(28.0, 0.4771726047354048)	(29.0, 0.5716734937151371)	(30.0, 0.6618646396246171)	(31.0, 0.7729326255530499)	(32.0, 0.9028655720202339)	(33.0, 1.0421148567383833)	(34.0, 1.177224240477719)	(35.0, 1.3440241603372285)	(36.0, 1.5625160202616122)	(37.0, 1.824021638681706)	(38.0, 2.0256366896082953)	(39.0, 2.234100373104361)	(40.0, 2.435786607848685)	(41.0, 2.612594722713991)	(42.0, 3.0080233279111663)	(43.0, 3.402223075623228)	(44.0, 3.6254680164300743)	(45.0, 3.7330292627058648)	(46.0, 3.6074385291205315)	(47.0, 3.5880428120460355)	(48.0, 3.7264716096018677)	(49.0, 3.646328621543228)	(50.0, 3.475617338225002)	(51.0, 3.324775081927266)	(52.0, 3.107147418526967)	(53.0, 2.8681958307787814)	(54.0, 2.7075214657612268)	(55.0, 2.648626222877108)	(56.0, 2.591717882695038)	(57.0, 2.435491881866483)	(58.0, 2.3909308119642114)	(59.0, 2.4461856894325713)	(60.0, 2.426436550947214)	(61.0, 2.3363378191168986)	(62.0, 2.218268842272258)	(63.0, 2.0961124156829243)	(64.0, 1.9225200610047817)	(65.0, 1.727924733578015)	(66.0, 1.5752254538246246)	(67.0, 1.4010811123493072)	(68.0, 1.1859736058646173)	(69.0, 0.9869274165710358)	(70.0, 0.7902989794026377)	(71.0, 0.6201671573375549)	(72.0, 0.49564667869606577)	(73.0, 0.39544484010297476)	(74.0, 0.3188348173140375)	(75.0, 0.25836978392301985)	(76.0, 0.20455232003734924)	(77.0, 0.16783520731393997)	(78.0, 0.14356027662730922)	(79.0, 0.12459540897594723)	(80.0, 0.10310414021443737)	(81.0, 0.07819729704054278)	(82.0, 0.05583558756041056)	(83.0, 0.0381033239108854)	(84.0, 0.02679009224660987)	(85.0, 0.019921478254611255)	(86.0, 0.01590021697202297)	(87.0, 0.013607348737603074)	(88.0, 0.012187418899620814)	(89.0, 0.012031314036166299)	(90.0, 0.01193515344027832)	(91.0, 0.011784043932454349)	(92.0, 0.012339777246352419)	(93.0, 0.012990422317230835)	(94.0, 0.013534916080960179)	(95.0, 0.01491862959062099)	(96.0, 0.01589147509966952)	(97.0, 0.01696797423805185)	(98.0, 0.020299876443624996)	(99.0, 0.028463536382842256)	(100.0, 0.10984537263785711)
SRR36750784_1	(0.0, 0.002910825534222177)	(1.0, 0.0022587684803278807)	(2.0, 0.0013657047124685465)	(3.0, 0.0010068724938983795)	(4.0, 0.000872979875028914)	(5.0, 0.000854234908387189)	(6.0, 0.0008957416202367232)	(7.0, 0.0009278758487653949)	(8.0, 0.0010028557153322955)	(9.0, 0.0011528154484660967)	(10.0, 0.001360349007713768)	(11.0, 0.001616083909754447)	(12.0, 0.0020257953234950107)	(13.0, 0.0026256342560302156)	(14.0, 0.003439701378756565)	(15.0, 0.004662140989034784)	(16.0, 0.00660893966739681)	(17.0, 0.009812990036943116)	(18.0, 0.01385119142204619)	(19.0, 0.019927238466342527)	(20.0, 0.029412191587055454)	(21.0, 0.04379761455839081)	(22.0, 0.06296969865430956)	(23.0, 0.0883249438896202)	(24.0, 0.11771437373146786)	(25.0, 0.15174452174333117)	(26.0, 0.1945098242102384)	(27.0, 0.2410107307436037)	(28.0, 0.2961932346844652)	(29.0, 0.3580061011117425)	(30.0, 0.42035855479306383)	(31.0, 0.4839655823131921)	(32.0, 0.5536325897633523)	(33.0, 0.626721892551816)	(34.0, 0.7097781618889228)	(35.0, 0.8470314854920117)	(36.0, 1.010351024136608)	(37.0, 1.1206089179232355)	(38.0, 1.132963189866321)	(39.0, 1.1929243213746337)	(40.0, 1.3997094208828247)	(41.0, 1.6374143428665413)	(42.0, 1.9769780746552037)	(43.0, 2.257250138029901)	(44.0, 2.448176995759192)	(45.0, 2.674902722995613)	(46.0, 2.680980108966098)	(47.0, 2.57714370518045)	(48.0, 2.7620079051273323)	(49.0, 3.0783278782802554)	(50.0, 3.080373757496581)	(51.0, 2.974668212751515)	(52.0, 2.9094638462882747)	(53.0, 2.8050570599462428)	(54.0, 2.8056823384763634)	(55.0, 2.888279356130748)	(56.0, 2.9775308369429445)	(57.0, 2.9895878672721397)	(58.0, 3.1888214230760927)	(59.0, 3.5036230539310362)	(60.0, 3.6329954579874686)	(61.0, 3.617405001446308)	(62.0, 3.5295553763536747)	(63.0, 3.4558341004041466)	(64.0, 3.2258239872268586)	(65.0, 2.9099338093805063)	(66.0, 2.727723361139617)	(67.0, 2.5516210941715527)	(68.0, 2.2562740608383427)	(69.0, 1.834335573142619)	(70.0, 1.4092599813867837)	(71.0, 1.11451144805992)	(72.0, 0.9030146672937125)	(73.0, 0.7126568531946164)	(74.0, 0.5683112375700118)	(75.0, 0.4614809948264428)	(76.0, 0.3565948729088584)	(77.0, 0.28435578825021574)	(78.0, 0.23541134142248268)	(79.0, 0.2187243043327812)	(80.0, 0.1892746228124423)	(81.0, 0.13957903839285155)	(82.0, 0.09672536679749046)	(83.0, 0.05878019860988398)	(84.0, 0.037840731944888295)	(85.0, 0.02435774522473314)	(86.0, 0.01713691628910287)	(87.0, 0.012971516916073804)	(88.0, 0.008768627609761286)	(89.0, 0.007167271888082481)	(90.0, 0.005993033620597269)	(91.0, 0.0038761913162710217)	(92.0, 0.0028545906342970014)	(93.0, 0.002430151032480796)	(94.0, 0.002037845659193263)	(95.0, 0.0031397819124889628)	(96.0, 0.002784966472484879)	(97.0, 0.0006788355776681894)	(98.0, 0.0003454429566832206)	(99.0, 0.00019012751879464082)	(100.0, 6.694630943473267e-05)
SRR36750784_2	(0.0, 0.004845365275382729)	(1.0, 0.004465941265163218)	(2.0, 0.005259648028590604)	(3.0, 0.0073283803528616485)	(4.0, 0.009031095875754859)	(5.0, 0.010646664541177159)	(6.0, 0.012144249768792683)	(7.0, 0.013062643574447683)	(8.0, 0.013833558082844215)	(9.0, 0.014806921444750099)	(10.0, 0.015603309649945822)	(11.0, 0.016291099463523945)	(12.0, 0.017249714895703983)	(13.0, 0.018316928719501618)	(14.0, 0.019609383651839455)	(15.0, 0.0214233790081186)	(16.0, 0.023929186340628374)	(17.0, 0.02745260082422157)	(18.0, 0.03215048680234583)	(19.0, 0.03888224636175277)	(20.0, 0.04781681033384754)	(21.0, 0.062045881077521285)	(22.0, 0.08113104286365111)	(23.0, 0.1055938361161783)	(24.0, 0.13574396735934563)	(25.0, 0.17182008491053502)	(26.0, 0.2142726709868269)	(27.0, 0.2612220349086178)	(28.0, 0.31665279914365474)	(29.0, 0.37578931590253173)	(30.0, 0.4372010360018416)	(31.0, 0.5000660975395895)	(32.0, 0.5693357827410073)	(33.0, 0.6401191418206508)	(34.0, 0.718968277739448)	(35.0, 0.8539225604980188)	(36.0, 1.0143197034754434)	(37.0, 1.1244210432041941)	(38.0, 1.1441819283159447)	(39.0, 1.2008488372061845)	(40.0, 1.3971920478090343)	(41.0, 1.626197900591982)	(42.0, 1.9539733201906935)	(43.0, 2.236644207804229)	(44.0, 2.4371785118909877)	(45.0, 2.6585596850056725)	(46.0, 2.6595705885523353)	(47.0, 2.5532138822530652)	(48.0, 2.723658387536444)	(49.0, 3.046596486185078)	(50.0, 3.0665195985238127)	(51.0, 2.9593195787884015)	(52.0, 2.892801052841296)	(53.0, 2.7951697580561907)	(54.0, 2.7926786986534067)	(55.0, 2.8717436906345553)	(56.0, 2.958398503540978)	(57.0, 2.9646797808833045)	(58.0, 3.1445240802855845)	(59.0, 3.4524139277303174)	(60.0, 3.5821688949000854)	(61.0, 3.5546626652404973)	(62.0, 3.4706423688714643)	(63.0, 3.405928453234449)	(64.0, 3.182844564596871)	(65.0, 2.8334004140682376)	(66.0, 2.6307196158459263)	(67.0, 2.4931750603391434)	(68.0, 2.229474032515699)	(69.0, 1.8161968199709493)	(70.0, 1.400258276471126)	(71.0, 1.1095122269722475)	(72.0, 0.8925272776367489)	(73.0, 0.7079086711659471)	(74.0, 0.5684026410056265)	(75.0, 0.46028020530190755)	(76.0, 0.35561682947934176)	(77.0, 0.28624524949072716)	(78.0, 0.23918728717731863)	(79.0, 0.220686679696686)	(80.0, 0.19330647780020951)	(81.0, 0.145314033030536)	(82.0, 0.10406541430822691)	(83.0, 0.06618602716783172)	(84.0, 0.04331601032569596)	(85.0, 0.030172923498198206)	(86.0, 0.023544399446872193)	(87.0, 0.019854735573642177)	(88.0, 0.0169400083714612)	(89.0, 0.01637690560011069)	(90.0, 0.01604708826260539)	(91.0, 0.015226567081494646)	(92.0, 0.016126190794771296)	(93.0, 0.017449482307444995)	(94.0, 0.01923934468780912)	(95.0, 0.023067102812108428)	(96.0, 0.026020710919930273)	(97.0, 0.028519814648019202)	(98.0, 0.035133590769619374)	(99.0, 0.04805009576769276)	(100.0, 0.16336549901497238)
