Sample	0	1	2	3	4	5	6	7	8	9	10	11	12	13	14	15	16	17	18	19	20	21	22	23	24	25	26	27	28	29	30	31	32	33	34	35	36	37	38	39	40	41	42	43	44	45	46	47	48	49	50	51	52	53	54	55	56	57	58	59	60	61	62	63	64	65	66	67	68	69	70	71	72	73	74	75	76	77	78	79	80	81	82	83	84	85	86	87	88	89	90	91	92	93	94	95	96	97	98	99	100
SRR36750771_1	(0.0, 56.0)	(1.0, 46.0)	(2.0, 46.5)	(3.0, 60.5)	(4.0, 65.5)	(5.0, 84.5)	(6.0, 104.0)	(7.0, 114.5)	(8.0, 118.0)	(9.0, 134.0)	(10.0, 152.5)	(11.0, 186.5)	(12.0, 260.0)	(13.0, 332.5)	(14.0, 546.0)	(15.0, 1008.0)	(16.0, 3258.5)	(17.0, 7178.0)	(18.0, 10997.5)	(19.0, 18073.0)	(20.0, 25968.5)	(21.0, 34506.5)	(22.0, 45628.0)	(23.0, 61831.0)	(24.0, 77899.0)	(25.0, 89320.0)	(26.0, 112081.5)	(27.0, 142565.5)	(28.0, 172507.5)	(29.0, 205398.5)	(30.0, 240117.5)	(31.0, 280911.5)	(32.0, 324626.0)	(33.0, 363166.5)	(34.0, 396253.0)	(35.0, 449948.5)	(36.0, 506369.0)	(37.0, 548064.5)	(38.0, 590141.5)	(39.0, 640494.5)	(40.0, 681948.0)	(41.0, 727754.5)	(42.0, 800744.0)	(43.0, 862937.5)	(44.0, 900735.0)	(45.0, 940504.0)	(46.0, 959826.5)	(47.0, 954288.0)	(48.0, 975454.5)	(49.0, 1004587.0)	(50.0, 1038742.5)	(51.0, 1051784.0)	(52.0, 1048123.5)	(53.0, 1054690.5)	(54.0, 1032813.0)	(55.0, 1016242.5)	(56.0, 988437.0)	(57.0, 937147.0)	(58.0, 926787.5)	(59.0, 928021.0)	(60.0, 906306.5)	(61.0, 862566.0)	(62.0, 804489.5)	(63.0, 762459.5)	(64.0, 723474.0)	(65.0, 659443.5)	(66.0, 594920.0)	(67.0, 555938.0)	(68.0, 496556.5)	(69.0, 411608.0)	(70.0, 330876.0)	(71.0, 256544.0)	(72.0, 211809.0)	(73.0, 181194.5)	(74.0, 151010.5)	(75.0, 124408.0)	(76.0, 102004.0)	(77.0, 88602.5)	(78.0, 75195.0)	(79.0, 62135.5)	(80.0, 51615.5)	(81.0, 38920.5)	(82.0, 29119.5)	(83.0, 22132.0)	(84.0, 15747.0)	(85.0, 10606.5)	(86.0, 7056.0)	(87.0, 4620.5)	(88.0, 2704.5)	(89.0, 1953.5)	(90.0, 1348.0)	(91.0, 871.5)	(92.0, 647.0)	(93.0, 524.5)	(94.0, 424.0)	(95.0, 505.5)	(96.0, 440.0)	(97.0, 203.0)	(98.0, 129.5)	(99.0, 48.0)	(100.0, 17.5)
SRR36750771_2	(0.0, 619.0)	(1.0, 872.0)	(2.0, 1879.5)	(3.0, 3207.5)	(4.0, 4149.5)	(5.0, 4704.5)	(6.0, 5067.5)	(7.0, 5264.0)	(8.0, 5381.0)	(9.0, 5537.5)	(10.0, 5648.0)	(11.0, 5674.0)	(12.0, 5736.5)	(13.0, 5912.0)	(14.0, 6227.0)	(15.0, 6901.0)	(16.0, 9688.5)	(17.0, 14351.5)	(18.0, 18826.5)	(19.0, 26511.5)	(20.0, 34216.5)	(21.0, 42072.5)	(22.0, 52507.5)	(23.0, 67832.5)	(24.0, 84219.0)	(25.0, 96830.5)	(26.0, 118814.0)	(27.0, 148575.5)	(28.0, 178465.5)	(29.0, 209923.5)	(30.0, 243287.5)	(31.0, 283402.0)	(32.0, 326448.0)	(33.0, 364191.0)	(34.0, 397918.0)	(35.0, 450309.5)	(36.0, 504281.0)	(37.0, 545862.0)	(38.0, 588109.5)	(39.0, 637181.0)	(40.0, 679474.5)	(41.0, 723720.5)	(42.0, 793097.0)	(43.0, 856485.5)	(44.0, 893890.0)	(45.0, 931425.5)	(46.0, 950171.5)	(47.0, 946701.5)	(48.0, 967689.0)	(49.0, 995506.5)	(50.0, 1027294.5)	(51.0, 1038957.5)	(52.0, 1035999.5)	(53.0, 1041506.5)	(54.0, 1020481.0)	(55.0, 1004713.0)	(56.0, 978692.0)	(57.0, 927924.5)	(58.0, 914679.5)	(59.0, 915330.5)	(60.0, 893437.0)	(61.0, 850500.0)	(62.0, 796004.0)	(63.0, 753942.0)	(64.0, 712556.0)	(65.0, 649972.5)	(66.0, 587076.5)	(67.0, 547006.0)	(68.0, 488533.0)	(69.0, 406111.0)	(70.0, 327255.0)	(71.0, 254015.5)	(72.0, 209640.0)	(73.0, 179760.5)	(74.0, 149877.5)	(75.0, 123122.0)	(76.0, 100784.0)	(77.0, 87828.5)	(78.0, 75504.5)	(79.0, 62966.5)	(80.0, 52263.5)	(81.0, 39692.0)	(82.0, 30192.5)	(83.0, 23481.0)	(84.0, 17242.0)	(85.0, 12250.0)	(86.0, 9040.0)	(87.0, 6667.0)	(88.0, 4889.5)	(89.0, 4402.5)	(90.0, 3962.5)	(91.0, 3492.0)	(92.0, 3379.0)	(93.0, 3587.5)	(94.0, 3883.5)	(95.0, 4222.5)	(96.0, 4563.5)	(97.0, 4996.5)	(98.0, 5917.0)	(99.0, 8311.0)	(100.0, 38020.0)
SRR36750772_1	(0.0, 332.0)	(1.0, 267.0)	(2.0, 180.0)	(3.0, 161.0)	(4.0, 157.5)	(5.0, 146.0)	(6.0, 139.5)	(7.0, 135.0)	(8.0, 141.5)	(9.0, 151.0)	(10.0, 155.0)	(11.0, 177.0)	(12.0, 244.5)	(13.0, 320.0)	(14.0, 412.5)	(15.0, 601.5)	(16.0, 952.5)	(17.0, 1563.5)	(18.0, 2553.0)	(19.0, 3996.0)	(20.0, 6538.0)	(21.0, 10846.5)	(22.0, 16824.0)	(23.0, 25584.0)	(24.0, 37019.5)	(25.0, 51189.0)	(26.0, 69526.0)	(27.0, 90977.5)	(28.0, 113842.5)	(29.0, 137822.0)	(30.0, 162980.0)	(31.0, 192691.0)	(32.0, 224019.0)	(33.0, 254222.0)	(34.0, 282421.5)	(35.0, 316129.0)	(36.0, 352596.0)	(37.0, 396066.0)	(38.0, 432452.0)	(39.0, 470813.5)	(40.0, 504400.0)	(41.0, 530462.5)	(42.0, 594927.5)	(43.0, 652739.5)	(44.0, 692701.0)	(45.0, 722007.5)	(46.0, 716817.5)	(47.0, 709012.5)	(48.0, 722766.0)	(49.0, 727153.0)	(50.0, 728748.0)	(51.0, 736065.5)	(52.0, 714888.5)	(53.0, 693854.5)	(54.0, 688902.0)	(55.0, 686372.0)	(56.0, 676162.0)	(57.0, 655199.0)	(58.0, 650799.5)	(59.0, 654162.5)	(60.0, 642788.0)	(61.0, 620962.0)	(62.0, 594020.0)	(63.0, 569289.0)	(64.0, 541418.0)	(65.0, 500049.5)	(66.0, 452867.5)	(67.0, 408945.5)	(68.0, 362295.5)	(69.0, 314924.0)	(70.0, 263822.0)	(71.0, 209631.5)	(72.0, 172738.0)	(73.0, 144075.5)	(74.0, 119110.0)	(75.0, 97784.0)	(76.0, 78827.0)	(77.0, 66908.0)	(78.0, 56123.0)	(79.0, 46220.0)	(80.0, 37589.0)	(81.0, 28626.5)	(82.0, 21789.5)	(83.0, 15886.5)	(84.0, 10571.0)	(85.0, 6955.0)	(86.0, 4673.0)	(87.0, 3102.5)	(88.0, 1935.0)	(89.0, 1400.5)	(90.0, 988.5)	(91.0, 598.5)	(92.0, 474.0)	(93.0, 422.5)	(94.0, 340.0)	(95.0, 414.5)	(96.0, 347.0)	(97.0, 110.0)	(98.0, 61.5)	(99.0, 23.5)	(100.0, 8.5)
SRR36750772_2	(0.0, 824.0)	(1.0, 970.5)	(2.0, 1835.0)	(3.0, 3108.0)	(4.0, 4056.5)	(5.0, 4624.5)	(6.0, 4978.0)	(7.0, 5284.0)	(8.0, 5475.5)	(9.0, 5573.0)	(10.0, 5674.0)	(11.0, 5790.0)	(12.0, 5826.0)	(13.0, 5838.5)	(14.0, 6037.0)	(15.0, 6334.0)	(16.0, 6664.5)	(17.0, 7276.0)	(18.0, 8213.0)	(19.0, 9668.0)	(20.0, 12344.0)	(21.0, 16603.5)	(22.0, 22321.5)	(23.0, 31113.5)	(24.0, 42718.0)	(25.0, 56611.5)	(26.0, 74758.0)	(27.0, 95589.0)	(28.0, 118149.0)	(29.0, 142081.5)	(30.0, 166709.0)	(31.0, 195827.5)	(32.0, 226666.5)	(33.0, 255061.5)	(34.0, 282696.5)	(35.0, 317368.0)	(36.0, 352969.0)	(37.0, 395548.0)	(38.0, 431823.0)	(39.0, 468490.0)	(40.0, 501413.5)	(41.0, 529225.0)	(42.0, 591877.0)	(43.0, 647328.0)	(44.0, 687423.5)	(45.0, 715307.5)	(46.0, 707899.0)	(47.0, 699777.5)	(48.0, 714390.5)	(49.0, 721704.5)	(50.0, 722696.5)	(51.0, 726893.5)	(52.0, 706808.5)	(53.0, 685336.0)	(54.0, 679433.5)	(55.0, 678095.0)	(56.0, 666689.0)	(57.0, 644838.5)	(58.0, 641647.0)	(59.0, 645519.5)	(60.0, 633981.5)	(61.0, 611956.5)	(62.0, 585265.5)	(63.0, 560522.0)	(64.0, 531921.5)	(65.0, 489807.0)	(66.0, 443864.0)	(67.0, 401250.0)	(68.0, 355610.5)	(69.0, 310111.0)	(70.0, 260092.5)	(71.0, 207620.5)	(72.0, 171369.0)	(73.0, 141998.0)	(74.0, 117638.0)	(75.0, 97242.5)	(76.0, 78196.0)	(77.0, 66014.0)	(78.0, 55502.5)	(79.0, 46131.5)	(80.0, 38197.0)	(81.0, 29482.0)	(82.0, 22550.5)	(83.0, 16767.5)	(84.0, 11759.5)	(85.0, 8348.5)	(86.0, 6223.0)	(87.0, 4703.0)	(88.0, 3536.5)	(89.0, 3209.0)	(90.0, 3006.0)	(91.0, 2703.5)	(92.0, 2712.0)	(93.0, 2785.5)	(94.0, 2841.0)	(95.0, 3063.5)	(96.0, 3226.5)	(97.0, 3336.0)	(98.0, 3860.5)	(99.0, 5317.0)	(100.0, 25261.0)
SRR36750775_1	(0.0, 83.0)	(1.0, 66.5)	(2.0, 55.0)	(3.0, 63.0)	(4.0, 64.0)	(5.0, 67.5)	(6.0, 71.0)	(7.0, 80.0)	(8.0, 111.5)	(9.0, 134.0)	(10.0, 153.5)	(11.0, 189.5)	(12.0, 246.0)	(13.0, 334.0)	(14.0, 535.0)	(15.0, 907.5)	(16.0, 1678.5)	(17.0, 2743.5)	(18.0, 4589.5)	(19.0, 8391.5)	(20.0, 13932.0)	(21.0, 21648.5)	(22.0, 32453.0)	(23.0, 46781.5)	(24.0, 64536.5)	(25.0, 86723.0)	(26.0, 113039.5)	(27.0, 142388.5)	(28.0, 176775.0)	(29.0, 213001.0)	(30.0, 247748.5)	(31.0, 287139.0)	(32.0, 330685.0)	(33.0, 372560.0)	(34.0, 408166.0)	(35.0, 456825.0)	(36.0, 511363.0)	(37.0, 568601.5)	(38.0, 618351.5)	(39.0, 675407.5)	(40.0, 725421.0)	(41.0, 769427.5)	(42.0, 865391.0)	(43.0, 948146.0)	(44.0, 998332.0)	(45.0, 1051527.5)	(46.0, 1063224.5)	(47.0, 1063325.0)	(48.0, 1090860.0)	(49.0, 1118469.5)	(50.0, 1136980.5)	(51.0, 1130062.0)	(52.0, 1107166.5)	(53.0, 1080602.5)	(54.0, 1063140.0)	(55.0, 1067634.5)	(56.0, 1082292.5)	(57.0, 1055739.0)	(58.0, 1041432.5)	(59.0, 1062567.5)	(60.0, 1050830.0)	(61.0, 1017550.5)	(62.0, 980220.5)	(63.0, 933344.0)	(64.0, 853050.0)	(65.0, 757370.5)	(66.0, 689639.0)	(67.0, 630020.0)	(68.0, 544341.0)	(69.0, 448164.0)	(70.0, 359965.5)	(71.0, 285293.0)	(72.0, 230600.5)	(73.0, 185713.0)	(74.0, 150230.0)	(75.0, 120394.0)	(76.0, 92767.0)	(77.0, 75782.5)	(78.0, 61646.5)	(79.0, 48675.5)	(80.0, 36467.0)	(81.0, 24461.5)	(82.0, 15901.5)	(83.0, 9504.5)	(84.0, 5088.5)	(85.0, 2746.5)	(86.0, 1648.0)	(87.0, 1171.0)	(88.0, 902.5)	(89.0, 700.5)	(90.0, 586.0)	(91.0, 491.0)	(92.0, 407.0)	(93.0, 381.0)	(94.0, 349.5)	(95.0, 419.5)	(96.0, 332.5)	(97.0, 129.5)	(98.0, 107.0)	(99.0, 63.5)	(100.0, 16.5)
SRR36750775_2	(0.0, 778.0)	(1.0, 1012.5)	(2.0, 2384.5)	(3.0, 4267.0)	(4.0, 5415.5)	(5.0, 6092.0)	(6.0, 6505.5)	(7.0, 6635.0)	(8.0, 6691.0)	(9.0, 6806.0)	(10.0, 6878.0)	(11.0, 6923.5)	(12.0, 7013.5)	(13.0, 7127.5)	(14.0, 7378.0)	(15.0, 7784.0)	(16.0, 8494.0)	(17.0, 9566.0)	(18.0, 11310.5)	(19.0, 15201.5)	(20.0, 20944.0)	(21.0, 28378.5)	(22.0, 38984.0)	(23.0, 53491.5)	(24.0, 71191.5)	(25.0, 93093.0)	(26.0, 118652.0)	(27.0, 147352.5)	(28.0, 181824.5)	(29.0, 218284.5)	(30.0, 252986.5)	(31.0, 291920.5)	(32.0, 334313.5)	(33.0, 374532.0)	(34.0, 410088.0)	(35.0, 457440.0)	(36.0, 511045.0)	(37.0, 570461.5)	(38.0, 620946.5)	(39.0, 673519.5)	(40.0, 722491.0)	(41.0, 767035.5)	(42.0, 860131.5)	(43.0, 943652.0)	(44.0, 992135.5)	(45.0, 1040921.0)	(46.0, 1052481.0)	(47.0, 1053568.0)	(48.0, 1081668.0)	(49.0, 1111106.0)	(50.0, 1130100.0)	(51.0, 1119482.0)	(52.0, 1094837.0)	(53.0, 1068750.5)	(54.0, 1050947.5)	(55.0, 1056225.0)	(56.0, 1070464.5)	(57.0, 1044800.5)	(58.0, 1030066.5)	(59.0, 1049876.5)	(60.0, 1038386.0)	(61.0, 1004989.0)	(62.0, 967559.0)	(63.0, 919818.5)	(64.0, 839687.5)	(65.0, 746789.0)	(66.0, 680073.5)	(67.0, 621129.5)	(68.0, 538056.0)	(69.0, 442516.0)	(70.0, 354398.5)	(71.0, 280571.5)	(72.0, 227107.5)	(73.0, 183365.5)	(74.0, 148083.0)	(75.0, 119337.0)	(76.0, 92723.0)	(77.0, 75416.5)	(78.0, 61456.5)	(79.0, 48895.5)	(80.0, 37321.5)	(81.0, 26084.0)	(82.0, 17572.0)	(83.0, 11036.5)	(84.0, 6705.5)	(85.0, 4553.0)	(86.0, 3521.5)	(87.0, 3130.5)	(88.0, 2943.0)	(89.0, 2844.0)	(90.0, 2835.5)	(91.0, 2829.0)	(92.0, 2901.5)	(93.0, 3003.0)	(94.0, 3094.0)	(95.0, 3401.5)	(96.0, 3710.0)	(97.0, 4053.5)	(98.0, 4832.0)	(99.0, 6538.5)	(100.0, 32207.5)
SRR36750776_1	(0.0, 277.0)	(1.0, 203.5)	(2.0, 122.0)	(3.0, 118.5)	(4.0, 116.0)	(5.0, 104.5)	(6.0, 108.0)	(7.0, 118.5)	(8.0, 134.5)	(9.0, 157.5)	(10.0, 180.5)	(11.0, 236.0)	(12.0, 318.0)	(13.0, 441.0)	(14.0, 604.5)	(15.0, 881.5)	(16.0, 1473.5)	(17.0, 2421.0)	(18.0, 3912.0)	(19.0, 6684.5)	(20.0, 10797.0)	(21.0, 16950.5)	(22.0, 25358.5)	(23.0, 36604.5)	(24.0, 50636.5)	(25.0, 67414.0)	(26.0, 88616.5)	(27.0, 111620.0)	(28.0, 138113.5)	(29.0, 167196.0)	(30.0, 194912.5)	(31.0, 225975.5)	(32.0, 259183.0)	(33.0, 290183.5)	(34.0, 321569.0)	(35.0, 364734.5)	(36.0, 409030.0)	(37.0, 451851.0)	(38.0, 486997.5)	(39.0, 519407.0)	(40.0, 571941.5)	(41.0, 639136.0)	(42.0, 732280.5)	(43.0, 823321.5)	(44.0, 889059.0)	(45.0, 929963.0)	(46.0, 928923.5)	(47.0, 935204.0)	(48.0, 1007633.0)	(49.0, 1068890.5)	(50.0, 1085991.0)	(51.0, 1086730.0)	(52.0, 1080123.5)	(53.0, 1076466.0)	(54.0, 1066029.0)	(55.0, 1080700.0)	(56.0, 1099260.5)	(57.0, 1081579.0)	(58.0, 1116243.0)	(59.0, 1174577.0)	(60.0, 1192887.0)	(61.0, 1182840.0)	(62.0, 1139503.5)	(63.0, 1093270.5)	(64.0, 1010432.5)	(65.0, 902783.0)	(66.0, 841173.0)	(67.0, 776174.0)	(68.0, 663452.0)	(69.0, 537157.0)	(70.0, 415139.5)	(71.0, 325305.5)	(72.0, 264646.0)	(73.0, 216405.0)	(74.0, 177210.5)	(75.0, 143400.5)	(76.0, 111378.0)	(77.0, 90065.5)	(78.0, 74681.0)	(79.0, 61839.5)	(80.0, 49227.0)	(81.0, 35139.5)	(82.0, 24830.0)	(83.0, 16573.5)	(84.0, 10510.0)	(85.0, 6299.0)	(86.0, 3879.0)	(87.0, 2666.0)	(88.0, 1762.5)	(89.0, 1338.5)	(90.0, 1033.0)	(91.0, 781.5)	(92.0, 627.0)	(93.0, 555.5)	(94.0, 554.5)	(95.0, 568.0)	(96.0, 405.5)	(97.0, 175.5)	(98.0, 124.0)	(99.0, 69.5)	(100.0, 22.0)
SRR36750776_2	(0.0, 866.0)	(1.0, 1032.0)	(2.0, 1821.5)	(3.0, 2940.0)	(4.0, 3867.5)	(5.0, 4500.5)	(6.0, 4952.5)	(7.0, 5210.0)	(8.0, 5313.0)	(9.0, 5523.0)	(10.0, 5642.5)	(11.0, 5761.0)	(12.0, 6078.5)	(13.0, 6358.0)	(14.0, 6567.0)	(15.0, 6877.5)	(16.0, 7545.5)	(17.0, 8613.0)	(18.0, 10245.5)	(19.0, 13102.5)	(20.0, 17354.5)	(21.0, 23670.5)	(22.0, 32121.0)	(23.0, 43509.0)	(24.0, 57629.0)	(25.0, 74348.5)	(26.0, 95017.5)	(27.0, 117535.0)	(28.0, 144133.0)	(29.0, 172449.0)	(30.0, 200173.0)	(31.0, 232056.0)	(32.0, 264794.5)	(33.0, 294227.0)	(34.0, 324984.5)	(35.0, 367463.0)	(36.0, 412015.0)	(37.0, 455379.0)	(38.0, 489693.5)	(39.0, 522078.5)	(40.0, 573708.0)	(41.0, 637410.0)	(42.0, 727563.0)	(43.0, 817782.0)	(44.0, 882227.0)	(45.0, 922887.0)	(46.0, 923206.5)	(47.0, 930763.5)	(48.0, 1000194.5)	(49.0, 1058617.5)	(50.0, 1076488.0)	(51.0, 1076390.0)	(52.0, 1069487.0)	(53.0, 1067139.0)	(54.0, 1056661.5)	(55.0, 1069531.0)	(56.0, 1086517.0)	(57.0, 1069755.5)	(58.0, 1100005.5)	(59.0, 1155745.0)	(60.0, 1175485.0)	(61.0, 1163307.0)	(62.0, 1120364.5)	(63.0, 1073206.5)	(64.0, 993466.0)	(65.0, 890361.0)	(66.0, 825732.5)	(67.0, 760061.5)	(68.0, 652740.0)	(69.0, 530931.0)	(70.0, 410764.0)	(71.0, 322504.0)	(72.0, 261498.0)	(73.0, 212925.0)	(74.0, 174831.0)	(75.0, 141808.5)	(76.0, 110737.5)	(77.0, 90013.0)	(78.0, 74653.0)	(79.0, 62109.5)	(80.0, 50442.5)	(81.0, 37062.0)	(82.0, 26933.0)	(83.0, 18493.5)	(84.0, 12671.0)	(85.0, 8892.5)	(86.0, 6414.5)	(87.0, 5112.5)	(88.0, 4376.0)	(89.0, 4066.5)	(90.0, 3881.5)	(91.0, 3889.0)	(92.0, 3949.5)	(93.0, 4101.0)	(94.0, 4435.0)	(95.0, 4763.5)	(96.0, 5049.5)	(97.0, 5548.0)	(98.0, 6678.0)	(99.0, 9368.0)	(100.0, 41741.5)
SRR36750778_1	(0.0, 90.0)	(1.0, 69.5)	(2.0, 52.5)	(3.0, 61.0)	(4.0, 64.0)	(5.0, 62.0)	(6.0, 63.0)	(7.0, 69.5)	(8.0, 82.0)	(9.0, 95.0)	(10.0, 102.0)	(11.0, 130.0)	(12.0, 189.5)	(13.0, 243.5)	(14.0, 346.5)	(15.0, 556.0)	(16.0, 986.0)	(17.0, 1715.0)	(18.0, 2993.5)	(19.0, 5446.5)	(20.0, 9911.0)	(21.0, 16229.0)	(22.0, 25669.0)	(23.0, 39964.0)	(24.0, 57837.0)	(25.0, 80487.5)	(26.0, 108017.5)	(27.0, 137886.0)	(28.0, 172262.5)	(29.0, 209629.0)	(30.0, 247223.0)	(31.0, 291346.5)	(32.0, 340582.0)	(33.0, 387762.5)	(34.0, 424647.0)	(35.0, 473718.5)	(36.0, 537016.0)	(37.0, 603449.5)	(38.0, 665147.5)	(39.0, 730104.0)	(40.0, 777650.5)	(41.0, 810185.0)	(42.0, 889376.5)	(43.0, 971160.5)	(44.0, 1003072.0)	(45.0, 1033051.5)	(46.0, 1033926.5)	(47.0, 1016250.5)	(48.0, 1039727.0)	(49.0, 1038950.5)	(50.0, 1030956.0)	(51.0, 1034111.0)	(52.0, 1013206.0)	(53.0, 982906.5)	(54.0, 953492.0)	(55.0, 937070.5)	(56.0, 918784.0)	(57.0, 876373.0)	(58.0, 849683.0)	(59.0, 835938.5)	(60.0, 801970.0)	(61.0, 764330.5)	(62.0, 722843.5)	(63.0, 674943.5)	(64.0, 624279.5)	(65.0, 565590.0)	(66.0, 508349.5)	(67.0, 460633.5)	(68.0, 403949.5)	(69.0, 345504.0)	(70.0, 287350.0)	(71.0, 230505.0)	(72.0, 190741.5)	(73.0, 157698.0)	(74.0, 132717.0)	(75.0, 110615.0)	(76.0, 90502.0)	(77.0, 78372.5)	(78.0, 68776.5)	(79.0, 60114.0)	(80.0, 51468.0)	(81.0, 40129.5)	(82.0, 30899.0)	(83.0, 23991.0)	(84.0, 18529.0)	(85.0, 13684.5)	(86.0, 10224.5)	(87.0, 7365.5)	(88.0, 4684.5)	(89.0, 3320.0)	(90.0, 2250.5)	(91.0, 1352.0)	(92.0, 864.0)	(93.0, 646.5)	(94.0, 544.0)	(95.0, 575.5)	(96.0, 442.0)	(97.0, 161.5)	(98.0, 87.5)	(99.0, 42.5)	(100.0, 26.5)
SRR36750778_2	(0.0, 856.0)	(1.0, 1247.5)	(2.0, 2402.0)	(3.0, 3840.5)	(4.0, 5017.0)	(5.0, 5781.0)	(6.0, 6223.5)	(7.0, 6673.5)	(8.0, 6949.5)	(9.0, 7006.0)	(10.0, 7003.0)	(11.0, 7018.0)	(12.0, 7081.0)	(13.0, 7183.0)	(14.0, 7409.0)	(15.0, 7763.0)	(16.0, 8404.5)	(17.0, 9266.0)	(18.0, 10854.0)	(19.0, 13545.5)	(20.0, 18122.5)	(21.0, 25056.0)	(22.0, 34963.5)	(23.0, 48937.5)	(24.0, 66807.5)	(25.0, 89367.5)	(26.0, 116633.0)	(27.0, 146432.0)	(28.0, 179580.5)	(29.0, 215623.0)	(30.0, 253650.0)	(31.0, 296679.0)	(32.0, 344619.5)	(33.0, 391542.5)	(34.0, 430449.5)	(35.0, 478868.0)	(36.0, 538562.0)	(37.0, 604867.5)	(38.0, 667385.5)	(39.0, 730504.0)	(40.0, 775973.5)	(41.0, 809669.5)	(42.0, 884841.0)	(43.0, 962551.0)	(44.0, 995093.5)	(45.0, 1019638.0)	(46.0, 1020690.0)	(47.0, 1007254.0)	(48.0, 1028387.5)	(49.0, 1027614.0)	(50.0, 1018667.0)	(51.0, 1016303.5)	(52.0, 995456.5)	(53.0, 969867.0)	(54.0, 941733.0)	(55.0, 922509.0)	(56.0, 901926.0)	(57.0, 862324.5)	(58.0, 836634.5)	(59.0, 821927.0)	(60.0, 789639.5)	(61.0, 752429.5)	(62.0, 710530.0)	(63.0, 662676.5)	(64.0, 610796.0)	(65.0, 553814.5)	(66.0, 497911.5)	(67.0, 449800.5)	(68.0, 395626.0)	(69.0, 338774.0)	(70.0, 282061.5)	(71.0, 228418.5)	(72.0, 189795.5)	(73.0, 156795.0)	(74.0, 131828.5)	(75.0, 110189.5)	(76.0, 90590.5)	(77.0, 77792.0)	(78.0, 67937.5)	(79.0, 59290.0)	(80.0, 50944.0)	(81.0, 40296.5)	(82.0, 31589.0)	(83.0, 25261.0)	(84.0, 19921.0)	(85.0, 15285.5)	(86.0, 11872.0)	(87.0, 8975.5)	(88.0, 6599.0)	(89.0, 5557.0)	(90.0, 4762.5)	(91.0, 4002.5)	(92.0, 3685.0)	(93.0, 3673.0)	(94.0, 3889.0)	(95.0, 4315.0)	(96.0, 4576.0)	(97.0, 4927.0)	(98.0, 5941.5)	(99.0, 8257.5)	(100.0, 32165.5)
SRR36750779_1	(0.0, 41.0)	(1.0, 33.0)	(2.0, 23.0)	(3.0, 26.0)	(4.0, 30.5)	(5.0, 39.5)	(6.0, 48.0)	(7.0, 45.0)	(8.0, 49.5)	(9.0, 58.0)	(10.0, 68.0)	(11.0, 89.0)	(12.0, 115.0)	(13.0, 160.0)	(14.0, 235.5)	(15.0, 374.0)	(16.0, 678.0)	(17.0, 1175.5)	(18.0, 2068.5)	(19.0, 3815.0)	(20.0, 6781.5)	(21.0, 11162.5)	(22.0, 17645.0)	(23.0, 27467.0)	(24.0, 40251.5)	(25.0, 55752.0)	(26.0, 73949.0)	(27.0, 93808.0)	(28.0, 117714.5)	(29.0, 143959.5)	(30.0, 170020.5)	(31.0, 202267.5)	(32.0, 240366.5)	(33.0, 272894.0)	(34.0, 298675.5)	(35.0, 339203.0)	(36.0, 387387.0)	(37.0, 437580.5)	(38.0, 481927.5)	(39.0, 525139.0)	(40.0, 568067.0)	(41.0, 609183.5)	(42.0, 679673.5)	(43.0, 752022.5)	(44.0, 797426.0)	(45.0, 828033.5)	(46.0, 824117.5)	(47.0, 812933.0)	(48.0, 836853.5)	(49.0, 857662.0)	(50.0, 863573.5)	(51.0, 855168.5)	(52.0, 834514.0)	(53.0, 816888.0)	(54.0, 792395.0)	(55.0, 774631.5)	(56.0, 763930.5)	(57.0, 728736.0)	(58.0, 712113.0)	(59.0, 718633.0)	(60.0, 705726.0)	(61.0, 677756.5)	(62.0, 644902.5)	(63.0, 614078.5)	(64.0, 571890.5)	(65.0, 518771.5)	(66.0, 470775.0)	(67.0, 423255.0)	(68.0, 361887.0)	(69.0, 299918.5)	(70.0, 246565.5)	(71.0, 199130.0)	(72.0, 164922.5)	(73.0, 137569.0)	(74.0, 115123.0)	(75.0, 96552.5)	(76.0, 79585.5)	(77.0, 68339.5)	(78.0, 60523.5)	(79.0, 54167.5)	(80.0, 46033.5)	(81.0, 35801.0)	(82.0, 27853.0)	(83.0, 21443.5)	(84.0, 16356.0)	(85.0, 12172.0)	(86.0, 8974.0)	(87.0, 6490.5)	(88.0, 4151.5)	(89.0, 2865.0)	(90.0, 1948.5)	(91.0, 1177.0)	(92.0, 790.0)	(93.0, 577.5)	(94.0, 494.5)	(95.0, 572.0)	(96.0, 468.5)	(97.0, 178.5)	(98.0, 96.0)	(99.0, 39.5)	(100.0, 20.0)
SRR36750779_2	(0.0, 625.0)	(1.0, 922.0)	(2.0, 1972.5)	(3.0, 3337.0)	(4.0, 4356.0)	(5.0, 4946.0)	(6.0, 5393.5)	(7.0, 5696.5)	(8.0, 5705.0)	(9.0, 5758.5)	(10.0, 5869.5)	(11.0, 5945.0)	(12.0, 5951.5)	(13.0, 5980.0)	(14.0, 6079.5)	(15.0, 6216.0)	(16.0, 6564.0)	(17.0, 7102.0)	(18.0, 8108.5)	(19.0, 10130.0)	(20.0, 13330.0)	(21.0, 18089.5)	(22.0, 24765.0)	(23.0, 34684.5)	(24.0, 47143.0)	(25.0, 62220.0)	(26.0, 80516.5)	(27.0, 100638.5)	(28.0, 124348.5)	(29.0, 150028.5)	(30.0, 175449.5)	(31.0, 205849.0)	(32.0, 243307.0)	(33.0, 276942.5)	(34.0, 303023.0)	(35.0, 341724.0)	(36.0, 387930.5)	(37.0, 439461.5)	(38.0, 484900.5)	(39.0, 525735.5)	(40.0, 565461.0)	(41.0, 604764.0)	(42.0, 674490.5)	(43.0, 746336.0)	(44.0, 790541.5)	(45.0, 819182.5)	(46.0, 813699.5)	(47.0, 804674.5)	(48.0, 829274.5)	(49.0, 850278.5)	(50.0, 854886.0)	(51.0, 844325.0)	(52.0, 824689.5)	(53.0, 807385.5)	(54.0, 783926.0)	(55.0, 766931.0)	(56.0, 755590.0)	(57.0, 720391.5)	(58.0, 702075.0)	(59.0, 707864.5)	(60.0, 694482.0)	(61.0, 667489.5)	(62.0, 636920.0)	(63.0, 604339.5)	(64.0, 561249.5)	(65.0, 507272.5)	(66.0, 458991.5)	(67.0, 414160.0)	(68.0, 356420.5)	(69.0, 295397.0)	(70.0, 242655.0)	(71.0, 196319.5)	(72.0, 162825.5)	(73.0, 136040.5)	(74.0, 114047.0)	(75.0, 95749.0)	(76.0, 79061.0)	(77.0, 67567.5)	(78.0, 59166.5)	(79.0, 53080.0)	(80.0, 45694.0)	(81.0, 35956.0)	(82.0, 27789.5)	(83.0, 21337.0)	(84.0, 16805.5)	(85.0, 13073.5)	(86.0, 9941.5)	(87.0, 7440.5)	(88.0, 5384.0)	(89.0, 4405.5)	(90.0, 3634.0)	(91.0, 2987.5)	(92.0, 2775.0)	(93.0, 2721.5)	(94.0, 2815.0)	(95.0, 3070.0)	(96.0, 3177.0)	(97.0, 3259.0)	(98.0, 3776.5)	(99.0, 5161.0)	(100.0, 22535.0)
SRR36750780_1	(0.0, 434.0)	(1.0, 330.5)	(2.0, 197.0)	(3.0, 150.5)	(4.0, 129.0)	(5.0, 118.5)	(6.0, 115.0)	(7.0, 120.0)	(8.0, 121.0)	(9.0, 138.0)	(10.0, 155.0)	(11.0, 187.0)	(12.0, 240.0)	(13.0, 289.0)	(14.0, 369.0)	(15.0, 560.0)	(16.0, 919.0)	(17.0, 1475.5)	(18.0, 2437.5)	(19.0, 4130.5)	(20.0, 6875.5)	(21.0, 10967.0)	(22.0, 17189.5)	(23.0, 27452.5)	(24.0, 41101.0)	(25.0, 57899.5)	(26.0, 79311.5)	(27.0, 104943.0)	(28.0, 135911.5)	(29.0, 168636.5)	(30.0, 201120.0)	(31.0, 240711.0)	(32.0, 285179.0)	(33.0, 328845.5)	(34.0, 371270.0)	(35.0, 422723.5)	(36.0, 483793.0)	(37.0, 552508.5)	(38.0, 611275.0)	(39.0, 682888.0)	(40.0, 734278.5)	(41.0, 763875.0)	(42.0, 847427.5)	(43.0, 937981.0)	(44.0, 988649.0)	(45.0, 1012853.0)	(46.0, 1000594.0)	(47.0, 1005741.0)	(48.0, 1029765.0)	(49.0, 1004477.0)	(50.0, 987452.5)	(51.0, 984038.5)	(52.0, 952404.0)	(53.0, 908673.5)	(54.0, 872580.0)	(55.0, 857107.5)	(56.0, 833885.0)	(57.0, 783545.0)	(58.0, 762528.5)	(59.0, 763576.0)	(60.0, 744514.5)	(61.0, 704494.0)	(62.0, 658307.0)	(63.0, 618236.0)	(64.0, 570792.0)	(65.0, 512717.5)	(66.0, 458564.5)	(67.0, 406486.5)	(68.0, 346925.5)	(69.0, 288747.0)	(70.0, 235608.5)	(71.0, 188464.5)	(72.0, 154151.5)	(73.0, 125894.0)	(74.0, 102821.0)	(75.0, 83670.0)	(76.0, 65963.0)	(77.0, 55247.0)	(78.0, 46094.5)	(79.0, 38182.5)	(80.0, 30394.5)	(81.0, 20848.5)	(82.0, 13197.0)	(83.0, 7824.0)	(84.0, 4470.5)	(85.0, 2360.5)	(86.0, 1325.5)	(87.0, 896.5)	(88.0, 662.0)	(89.0, 534.5)	(90.0, 442.0)	(91.0, 341.0)	(92.0, 278.0)	(93.0, 249.0)	(94.0, 262.0)	(95.0, 403.5)	(96.0, 341.5)	(97.0, 98.5)	(98.0, 49.0)	(99.0, 26.5)	(100.0, 19.5)
SRR36750780_2	(0.0, 1155.0)	(1.0, 1551.5)	(2.0, 2738.0)	(3.0, 4229.5)	(4.0, 5402.0)	(5.0, 6228.0)	(6.0, 6824.5)	(7.0, 7168.0)	(8.0, 7324.0)	(9.0, 7511.0)	(10.0, 7672.0)	(11.0, 7734.5)	(12.0, 7839.5)	(13.0, 7925.5)	(14.0, 8083.5)	(15.0, 8205.5)	(16.0, 8475.5)	(17.0, 9175.5)	(18.0, 10205.0)	(19.0, 12027.5)	(20.0, 15189.0)	(21.0, 19661.0)	(22.0, 25889.5)	(23.0, 36360.5)	(24.0, 50259.5)	(25.0, 67028.0)	(26.0, 88212.5)	(27.0, 113659.0)	(28.0, 144267.5)	(29.0, 176930.0)	(30.0, 209766.0)	(31.0, 248045.0)	(32.0, 290966.5)	(33.0, 334685.0)	(34.0, 378375.5)	(35.0, 428786.5)	(36.0, 488088.0)	(37.0, 556541.0)	(38.0, 615823.5)	(39.0, 681383.0)	(40.0, 728582.0)	(41.0, 760667.5)	(42.0, 840364.0)	(43.0, 926904.5)	(44.0, 975719.5)	(45.0, 997181.0)	(46.0, 985258.0)	(47.0, 990354.5)	(48.0, 1011669.0)	(49.0, 990781.0)	(50.0, 975682.0)	(51.0, 967401.5)	(52.0, 935577.0)	(53.0, 893603.0)	(54.0, 857831.5)	(55.0, 842109.5)	(56.0, 819640.5)	(57.0, 770784.5)	(58.0, 748123.5)	(59.0, 746428.5)	(60.0, 726616.0)	(61.0, 689791.5)	(62.0, 645876.5)	(63.0, 604471.5)	(64.0, 557735.5)	(65.0, 501526.0)	(66.0, 448950.5)	(67.0, 399397.5)	(68.0, 342201.5)	(69.0, 284900.0)	(70.0, 232777.5)	(71.0, 185973.0)	(72.0, 151557.5)	(73.0, 124205.0)	(74.0, 102053.0)	(75.0, 83238.0)	(76.0, 66076.5)	(77.0, 55294.5)	(78.0, 46017.5)	(79.0, 38074.0)	(80.0, 30717.5)	(81.0, 22178.5)	(82.0, 15335.5)	(83.0, 10177.0)	(84.0, 6739.5)	(85.0, 4849.5)	(86.0, 3821.0)	(87.0, 3399.0)	(88.0, 3275.5)	(89.0, 3230.0)	(90.0, 3181.0)	(91.0, 3275.0)	(92.0, 3359.5)	(93.0, 3460.0)	(94.0, 3690.5)	(95.0, 4162.0)	(96.0, 4552.0)	(97.0, 5036.0)	(98.0, 6028.5)	(99.0, 8377.0)	(100.0, 31684.5)
SRR36750781_1	(0.0, 91.0)	(1.0, 72.0)	(2.0, 53.5)	(3.0, 45.5)	(4.0, 47.5)	(5.0, 62.5)	(6.0, 65.5)	(7.0, 68.0)	(8.0, 87.5)	(9.0, 107.5)	(10.0, 122.0)	(11.0, 146.0)	(12.0, 170.0)	(13.0, 229.5)	(14.0, 399.5)	(15.0, 663.5)	(16.0, 1189.5)	(17.0, 1965.5)	(18.0, 3299.5)	(19.0, 6199.5)	(20.0, 10255.5)	(21.0, 15791.5)	(22.0, 24176.5)	(23.0, 35841.0)	(24.0, 50492.0)	(25.0, 68581.0)	(26.0, 90001.0)	(27.0, 113156.5)	(28.0, 141446.5)	(29.0, 171450.0)	(30.0, 200958.5)	(31.0, 239978.0)	(32.0, 285715.0)	(33.0, 326767.0)	(34.0, 355059.5)	(35.0, 395880.0)	(36.0, 452651.5)	(37.0, 517600.0)	(38.0, 571404.5)	(39.0, 628447.5)	(40.0, 680186.5)	(41.0, 722277.0)	(42.0, 824219.5)	(43.0, 918141.0)	(44.0, 949869.5)	(45.0, 983834.5)	(46.0, 970045.5)	(47.0, 942448.0)	(48.0, 982433.5)	(49.0, 989671.0)	(50.0, 966997.5)	(51.0, 948782.0)	(52.0, 905656.5)	(53.0, 858823.0)	(54.0, 822537.5)	(55.0, 800706.0)	(56.0, 786149.0)	(57.0, 746703.5)	(58.0, 727067.0)	(59.0, 732556.0)	(60.0, 715571.5)	(61.0, 683618.5)	(62.0, 653184.5)	(63.0, 621285.5)	(64.0, 565824.0)	(65.0, 502918.5)	(66.0, 455795.0)	(67.0, 407313.5)	(68.0, 347658.5)	(69.0, 288021.0)	(70.0, 230332.0)	(71.0, 184278.0)	(72.0, 149316.0)	(73.0, 119463.5)	(74.0, 98622.0)	(75.0, 81545.5)	(76.0, 65154.5)	(77.0, 54288.0)	(78.0, 46789.0)	(79.0, 40369.5)	(80.0, 33115.5)	(81.0, 24044.5)	(82.0, 16697.5)	(83.0, 11043.5)	(84.0, 7199.5)	(85.0, 4658.0)	(86.0, 2903.5)	(87.0, 1907.5)	(88.0, 1273.5)	(89.0, 929.5)	(90.0, 716.5)	(91.0, 506.5)	(92.0, 418.0)	(93.0, 342.0)	(94.0, 308.0)	(95.0, 387.0)	(96.0, 309.0)	(97.0, 138.5)	(98.0, 91.5)	(99.0, 46.5)	(100.0, 26.0)
SRR36750781_2	(0.0, 848.0)	(1.0, 1203.5)	(2.0, 2279.5)	(3.0, 3556.0)	(4.0, 4581.5)	(5.0, 5304.0)	(6.0, 5765.0)	(7.0, 6000.5)	(8.0, 6173.5)	(9.0, 6291.0)	(10.0, 6313.0)	(11.0, 6354.0)	(12.0, 6451.5)	(13.0, 6645.0)	(14.0, 6826.0)	(15.0, 7123.5)	(16.0, 7626.0)	(17.0, 8344.0)	(18.0, 9737.0)	(19.0, 12820.0)	(20.0, 17067.0)	(21.0, 22826.5)	(22.0, 31231.5)	(23.0, 43053.0)	(24.0, 57932.0)	(25.0, 75625.5)	(26.0, 96727.5)	(27.0, 120383.0)	(28.0, 148612.5)	(29.0, 178090.5)	(30.0, 207564.0)	(31.0, 246839.0)	(32.0, 292640.5)	(33.0, 331444.5)	(34.0, 360077.0)	(35.0, 401421.0)	(36.0, 456329.0)	(37.0, 523459.5)	(38.0, 578553.0)	(39.0, 629710.0)	(40.0, 678489.0)	(41.0, 720205.5)	(42.0, 817368.5)	(43.0, 907402.5)	(44.0, 938165.5)	(45.0, 969946.5)	(46.0, 957670.5)	(47.0, 934316.0)	(48.0, 971982.5)	(49.0, 980629.0)	(50.0, 958036.5)	(51.0, 934451.0)	(52.0, 892335.5)	(53.0, 846059.0)	(54.0, 809106.0)	(55.0, 789468.5)	(56.0, 773391.5)	(57.0, 733480.0)	(58.0, 713545.0)	(59.0, 718304.5)	(60.0, 703210.0)	(61.0, 671724.0)	(62.0, 639909.5)	(63.0, 607237.0)	(64.0, 553779.0)	(65.0, 492720.5)	(66.0, 445735.5)	(67.0, 397840.0)	(68.0, 340898.5)	(69.0, 283382.5)	(70.0, 227792.5)	(71.0, 183203.5)	(72.0, 148033.5)	(73.0, 119177.5)	(74.0, 98241.5)	(75.0, 80257.0)	(76.0, 64657.5)	(77.0, 54312.5)	(78.0, 46680.5)	(79.0, 40175.0)	(80.0, 33053.5)	(81.0, 24558.0)	(82.0, 17801.5)	(83.0, 12610.0)	(84.0, 8843.0)	(85.0, 6256.0)	(86.0, 4609.0)	(87.0, 3698.0)	(88.0, 3194.5)	(89.0, 2997.5)	(90.0, 2836.0)	(91.0, 2740.5)	(92.0, 2800.0)	(93.0, 2916.0)	(94.0, 3049.0)	(95.0, 3394.5)	(96.0, 3681.0)	(97.0, 3973.0)	(98.0, 4726.0)	(99.0, 6601.0)	(100.0, 27575.0)
SRR36750783_1	(0.0, 350.0)	(1.0, 277.0)	(2.0, 175.0)	(3.0, 138.5)	(4.0, 124.0)	(5.0, 116.0)	(6.0, 128.0)	(7.0, 138.0)	(8.0, 163.0)	(9.0, 194.5)	(10.0, 216.5)	(11.0, 273.0)	(12.0, 352.0)	(13.0, 479.5)	(14.0, 676.5)	(15.0, 1015.5)	(16.0, 1703.5)	(17.0, 2734.5)	(18.0, 4546.5)	(19.0, 8585.5)	(20.0, 13741.0)	(21.0, 20827.5)	(22.0, 31354.5)	(23.0, 46039.0)	(24.0, 65280.5)	(25.0, 87869.0)	(26.0, 113513.0)	(27.0, 142676.0)	(28.0, 178403.5)	(29.0, 215319.0)	(30.0, 250883.0)	(31.0, 297262.5)	(32.0, 350148.0)	(33.0, 407076.0)	(34.0, 460752.5)	(35.0, 527039.0)	(36.0, 615945.5)	(37.0, 719015.0)	(38.0, 797151.5)	(39.0, 888583.5)	(40.0, 977399.5)	(41.0, 1050492.5)	(42.0, 1217080.5)	(43.0, 1381531.5)	(44.0, 1472934.0)	(45.0, 1521473.0)	(46.0, 1470773.5)	(47.0, 1461562.5)	(48.0, 1521274.0)	(49.0, 1483866.5)	(50.0, 1412152.5)	(51.0, 1356763.5)	(52.0, 1267241.5)	(53.0, 1164262.5)	(54.0, 1097245.5)	(55.0, 1075193.0)	(56.0, 1055386.5)	(57.0, 990315.0)	(58.0, 975460.0)	(59.0, 1000676.0)	(60.0, 995174.5)	(61.0, 960629.0)	(62.0, 908054.5)	(63.0, 858634.0)	(64.0, 788880.0)	(65.0, 709201.0)	(66.0, 647158.5)	(67.0, 574122.0)	(68.0, 484270.0)	(69.0, 401762.0)	(70.0, 319356.0)	(71.0, 249507.5)	(72.0, 200101.5)	(73.0, 159506.0)	(74.0, 127890.5)	(75.0, 103873.0)	(76.0, 82047.0)	(77.0, 66760.0)	(78.0, 56902.0)	(79.0, 49572.5)	(80.0, 40347.0)	(81.0, 29318.5)	(82.0, 19625.5)	(83.0, 12099.0)	(84.0, 7553.0)	(85.0, 4738.5)	(86.0, 2924.0)	(87.0, 2007.0)	(88.0, 1394.5)	(89.0, 1045.5)	(90.0, 858.5)	(91.0, 634.5)	(92.0, 537.5)	(93.0, 525.0)	(94.0, 557.0)	(95.0, 723.0)	(96.0, 595.5)	(97.0, 246.5)	(98.0, 137.5)	(99.0, 62.5)	(100.0, 35.0)
SRR36750783_2	(0.0, 1440.0)	(1.0, 1854.5)	(2.0, 3264.5)	(3.0, 5007.5)	(4.0, 6358.0)	(5.0, 7345.5)	(6.0, 8064.0)	(7.0, 8531.0)	(8.0, 8941.5)	(9.0, 9233.5)	(10.0, 9357.5)	(11.0, 9476.0)	(12.0, 9661.5)	(13.0, 9929.5)	(14.0, 10339.5)	(15.0, 10847.5)	(16.0, 11539.0)	(17.0, 12628.0)	(18.0, 14654.0)	(19.0, 18939.5)	(20.0, 24568.0)	(21.0, 32074.5)	(22.0, 42831.0)	(23.0, 57963.0)	(24.0, 77291.5)	(25.0, 99599.5)	(26.0, 125953.0)	(27.0, 155634.0)	(28.0, 191046.5)	(29.0, 228882.0)	(30.0, 264992.0)	(31.0, 309460.5)	(32.0, 361482.0)	(33.0, 417233.5)	(34.0, 471327.5)	(35.0, 538109.5)	(36.0, 625587.5)	(37.0, 730287.0)	(38.0, 811008.0)	(39.0, 894471.0)	(40.0, 975220.5)	(41.0, 1046009.5)	(42.0, 1204328.0)	(43.0, 1362154.5)	(44.0, 1451535.5)	(45.0, 1494600.0)	(46.0, 1444317.0)	(47.0, 1436551.5)	(48.0, 1491974.5)	(49.0, 1459887.5)	(50.0, 1391539.5)	(51.0, 1331146.5)	(52.0, 1244014.5)	(53.0, 1148345.0)	(54.0, 1084015.5)	(55.0, 1060435.5)	(56.0, 1037651.0)	(57.0, 975102.5)	(58.0, 957261.5)	(59.0, 979384.0)	(60.0, 971477.0)	(61.0, 935404.0)	(62.0, 888132.5)	(63.0, 839224.5)	(64.0, 769723.0)	(65.0, 691812.5)	(66.0, 630676.0)	(67.0, 560953.5)	(68.0, 474830.5)	(69.0, 395138.0)	(70.0, 316413.5)	(71.0, 248297.5)	(72.0, 198443.0)	(73.0, 158325.0)	(74.0, 127652.5)	(75.0, 103444.0)	(76.0, 81897.0)	(77.0, 67196.5)	(78.0, 57477.5)	(79.0, 49884.5)	(80.0, 41280.0)	(81.0, 31308.0)	(82.0, 22355.0)	(83.0, 15255.5)	(84.0, 10726.0)	(85.0, 7976.0)	(86.0, 6366.0)	(87.0, 5448.0)	(88.0, 4879.5)	(89.0, 4817.0)	(90.0, 4778.5)	(91.0, 4718.0)	(92.0, 4940.5)	(93.0, 5201.0)	(94.0, 5419.0)	(95.0, 5973.0)	(96.0, 6362.5)	(97.0, 6793.5)	(98.0, 8127.5)	(99.0, 11396.0)	(100.0, 43979.0)
SRR36750784_1	(0.0, 1087.0)	(1.0, 843.5)	(2.0, 510.0)	(3.0, 376.0)	(4.0, 326.0)	(5.0, 319.0)	(6.0, 334.5)	(7.0, 346.5)	(8.0, 374.5)	(9.0, 430.5)	(10.0, 508.0)	(11.0, 603.5)	(12.0, 756.5)	(13.0, 980.5)	(14.0, 1284.5)	(15.0, 1741.0)	(16.0, 2468.0)	(17.0, 3664.5)	(18.0, 5172.5)	(19.0, 7441.5)	(20.0, 10983.5)	(21.0, 16355.5)	(22.0, 23515.0)	(23.0, 32983.5)	(24.0, 43958.5)	(25.0, 56666.5)	(26.0, 72636.5)	(27.0, 90001.5)	(28.0, 110608.5)	(29.0, 133691.5)	(30.0, 156976.0)	(31.0, 180729.0)	(32.0, 206745.0)	(33.0, 234039.0)	(34.0, 265055.0)	(35.0, 316310.0)	(36.0, 377299.0)	(37.0, 418473.0)	(38.0, 423086.5)	(39.0, 445478.0)	(40.0, 522698.5)	(41.0, 611465.5)	(42.0, 738270.0)	(43.0, 842933.0)	(44.0, 914231.5)	(45.0, 998898.5)	(46.0, 1001168.0)	(47.0, 962392.0)	(48.0, 1031426.5)	(49.0, 1149551.0)	(50.0, 1150315.0)	(51.0, 1110841.0)	(52.0, 1086491.5)	(53.0, 1047502.5)	(54.0, 1047736.0)	(55.0, 1078580.5)	(56.0, 1111910.0)	(57.0, 1116412.5)	(58.0, 1190813.0)	(59.0, 1308370.5)	(60.0, 1356682.5)	(61.0, 1350860.5)	(62.0, 1318054.5)	(63.0, 1290524.5)	(64.0, 1204631.0)	(65.0, 1086667.0)	(66.0, 1018623.5)	(67.0, 952861.0)	(68.0, 842568.5)	(69.0, 685002.5)	(70.0, 526265.0)	(71.0, 416196.0)	(72.0, 337216.0)	(73.0, 266130.0)	(74.0, 212226.5)	(75.0, 172332.5)	(76.0, 133164.5)	(77.0, 106188.0)	(78.0, 87910.5)	(79.0, 81679.0)	(80.0, 70681.5)	(81.0, 52123.5)	(82.0, 36120.5)	(83.0, 21950.5)	(84.0, 14131.0)	(85.0, 9096.0)	(86.0, 6399.5)	(87.0, 4844.0)	(88.0, 3274.5)	(89.0, 2676.5)	(90.0, 2238.0)	(91.0, 1447.5)	(92.0, 1066.0)	(93.0, 907.5)	(94.0, 761.0)	(95.0, 1172.5)	(96.0, 1040.0)	(97.0, 253.5)	(98.0, 129.0)	(99.0, 71.0)	(100.0, 25.0)
SRR36750784_2	(0.0, 1807.0)	(1.0, 1665.5)	(2.0, 1961.5)	(3.0, 2733.0)	(4.0, 3368.0)	(5.0, 3970.5)	(6.0, 4529.0)	(7.0, 4871.5)	(8.0, 5159.0)	(9.0, 5522.0)	(10.0, 5819.0)	(11.0, 6075.5)	(12.0, 6433.0)	(13.0, 6831.0)	(14.0, 7313.0)	(15.0, 7989.5)	(16.0, 8924.0)	(17.0, 10238.0)	(18.0, 11990.0)	(19.0, 14500.5)	(20.0, 17832.5)	(21.0, 23139.0)	(22.0, 30256.5)	(23.0, 39379.5)	(24.0, 50623.5)	(25.0, 64077.5)	(26.0, 79909.5)	(27.0, 97418.5)	(28.0, 118090.5)	(29.0, 140144.5)	(30.0, 163047.0)	(31.0, 186491.5)	(32.0, 212324.5)	(33.0, 238722.0)	(34.0, 268127.5)	(35.0, 318456.5)	(36.0, 378274.0)	(37.0, 419334.5)	(38.0, 426704.0)	(39.0, 447837.0)	(40.0, 521060.0)	(41.0, 606464.0)	(42.0, 728702.5)	(43.0, 834120.0)	(44.0, 908906.0)	(45.0, 991466.5)	(46.0, 991843.5)	(47.0, 952179.5)	(48.0, 1015744.0)	(49.0, 1136178.5)	(50.0, 1143608.5)	(51.0, 1103630.0)	(52.0, 1078823.0)	(53.0, 1042413.0)	(54.0, 1041484.0)	(55.0, 1070970.0)	(56.0, 1103286.5)	(57.0, 1105629.0)	(58.0, 1172699.0)	(59.0, 1287521.5)	(60.0, 1335911.5)	(61.0, 1325653.5)	(62.0, 1294319.5)	(63.0, 1270185.5)	(64.0, 1186990.0)	(65.0, 1056670.5)	(66.0, 981084.0)	(67.0, 929789.0)	(68.0, 831446.0)	(69.0, 677321.0)	(70.0, 522203.5)	(71.0, 413774.5)	(72.0, 332853.5)	(73.0, 264003.0)	(74.0, 211976.5)	(75.0, 171654.0)	(76.0, 132621.5)	(77.0, 106750.5)	(78.0, 89201.0)	(79.0, 82301.5)	(80.0, 72090.5)	(81.0, 54192.5)	(82.0, 38809.5)	(83.0, 24683.0)	(84.0, 16154.0)	(85.0, 11252.5)	(86.0, 8780.5)	(87.0, 7404.5)	(88.0, 6317.5)	(89.0, 6107.5)	(90.0, 5984.5)	(91.0, 5678.5)	(92.0, 6014.0)	(93.0, 6507.5)	(94.0, 7175.0)	(95.0, 8602.5)	(96.0, 9704.0)	(97.0, 10636.0)	(98.0, 13102.5)	(99.0, 17919.5)	(100.0, 60924.5)
