Sample	0	1	2	3	4	5	6	7	8	9	10	11	12	13	14	15	16	17	18	19	20	21	22	23	24	25	26	27	28	29	30	31	32	33	34	35	36	37
SRR36750771_1	(1, 36.48839430919022)	(2, 36.5355918177364)	(3, 36.56891332011419)	(4, 36.596592379304546)	(5, 36.61735708102852)	(6, 36.59433626964656)	(7, 36.55922888157633)	(8, 36.60765535125076)	(9, 36.594890811319026)	(10, 36.59478288465417)	(15, 36.58382356238768)	(20, 36.55979186723945)	(25, 36.524218018950585)	(30, 36.49885041971582)	(35, 36.480397239047235)	(40, 36.45175448956657)	(45, 36.429757441786116)	(50, 36.413719114133734)	(55, 36.39216852250143)	(60, 36.36797546281409)	(65, 36.34251725870426)	(70, 36.32512092717217)	(75, 36.29427201099992)	(80, 36.271719883868855)	(85, 36.22366620232865)	(90, 36.2020114783283)	(95, 36.17141465987979)	(100, 36.13298552075563)	(105, 36.1184686266949)	(110, 36.060888076859136)	(115, 36.01582930527892)	(120, 35.95558690653547)	(125, 35.930619614779275)	(130, 35.903490343697925)	(135, 35.836345159787854)	(140, 35.7589693907783)	(145, 35.748129494156686)	(150, 35.633660276260244)
SRR36750771_2	(1, 36.1384436258838)	(2, 36.06358935956975)	(3, 36.14237405302203)	(4, 36.17102820372307)	(5, 36.19798787401395)	(6, 36.146235009701726)	(7, 36.145392871328916)	(8, 36.203591213337305)	(9, 36.205580866821464)	(10, 36.186573602728814)	(15, 36.17273144584277)	(20, 36.160476795858706)	(25, 36.09324939607443)	(30, 36.07561401773323)	(35, 36.04385312613091)	(40, 36.00953364426201)	(45, 35.98058425938717)	(50, 35.93065081233084)	(55, 35.89189741663377)	(60, 35.8662485689666)	(65, 35.81165530994731)	(70, 35.778548903261864)	(75, 35.72120755909465)	(80, 35.67930135325643)	(85, 35.639960385341695)	(90, 35.608164886819665)	(95, 35.52802496341803)	(100, 35.495644190030355)	(105, 35.41488719543359)	(110, 35.38026702928983)	(115, 35.28716098553713)	(120, 35.28364905528425)	(125, 35.15828578802443)	(130, 35.12082369356892)	(135, 34.97526298112341)	(140, 34.941704448229515)	(145, 34.802774626895676)	(150, 34.725416149126005)
SRR36750772_1	(1, 36.44780230119905)	(2, 36.49599745892279)	(3, 36.540325800698525)	(4, 36.57215969066153)	(5, 36.591857036594156)	(6, 36.56833956943132)	(7, 36.53383361889549)	(8, 36.586048264732)	(9, 36.57245261708796)	(10, 36.56977172789635)	(15, 36.55748900983681)	(20, 36.53169467761444)	(25, 36.490513678894374)	(30, 36.463332113798856)	(35, 36.44217447349473)	(40, 36.41243090787162)	(45, 36.388380049243786)	(50, 36.37198925068884)	(55, 36.347988591009006)	(60, 36.32064761746155)	(65, 36.28867537844941)	(70, 36.26827005894294)	(75, 36.23488204289135)	(80, 36.20955821310967)	(85, 36.15648023382401)	(90, 36.13511706871825)	(95, 36.0985782649187)	(100, 36.05776957364533)	(105, 36.04032613666234)	(110, 35.98107900265696)	(115, 35.93268679152301)	(120, 35.86974035568021)	(125, 35.8446788413433)	(130, 35.81425343928073)	(135, 35.744502800556106)	(140, 35.666977635909376)	(145, 35.65275835436758)	(150, 35.53566844913191)
SRR36750772_2	(1, 36.26028847724485)	(2, 36.135652748139364)	(3, 36.18925203269804)	(4, 36.22532510559364)	(5, 36.24634444788111)	(6, 36.19140432747763)	(7, 36.194953211084744)	(8, 36.240976341470564)	(9, 36.24158524399287)	(10, 36.22284399154442)	(15, 36.20443924725903)	(20, 36.190557613605634)	(25, 36.12759159830193)	(30, 36.106929449342125)	(35, 36.078778709437096)	(40, 36.04614192549029)	(45, 36.01508753111971)	(50, 35.96782360555773)	(55, 35.930788570442914)	(60, 35.90481203526157)	(65, 35.85176988077579)	(70, 35.82119853433021)	(75, 35.765110421312656)	(80, 35.72771751243714)	(85, 35.68795468928301)	(90, 35.66098499402729)	(95, 35.58259500748413)	(100, 35.551839671942815)	(105, 35.47386019065649)	(110, 35.44232800470622)	(115, 35.35530046498668)	(120, 35.3502466335894)	(125, 35.23422672632987)	(130, 35.196735903139)	(135, 35.06129271136707)	(140, 35.029540167174744)	(145, 34.895107945812185)	(150, 34.81851864027193)
SRR36750775_1	(1, 36.46327258931788)	(2, 36.508411363338176)	(3, 36.55235093731652)	(4, 36.582829336806284)	(5, 36.602721671265535)	(6, 36.58046525664665)	(7, 36.543503373367244)	(8, 36.59237303259628)	(9, 36.57708705085628)	(10, 36.57766623614854)	(15, 36.56597891788941)	(20, 36.538827941954544)	(25, 36.49834404677592)	(30, 36.47024312346868)	(35, 36.44717830584701)	(40, 36.42013328283241)	(45, 36.3965021583294)	(50, 36.38046355752908)	(55, 36.355113612452215)	(60, 36.33060572078254)	(65, 36.29972959275416)	(70, 36.27944467211869)	(75, 36.24551115645092)	(80, 36.218850010228465)	(85, 36.16921240049753)	(90, 36.14231111045097)	(95, 36.11229293551928)	(100, 36.070271732782594)	(105, 36.05677705417124)	(110, 35.99212961994003)	(115, 35.949236207272534)	(120, 35.88395804597429)	(125, 35.860817943941726)	(130, 35.82909513775568)	(135, 35.75971349502181)	(140, 35.68271844406741)	(145, 35.66648869816763)	(150, 35.5518279241757)
SRR36750775_2	(1, 36.35752089070668)	(2, 36.27828327462939)	(3, 36.31620319015511)	(4, 36.342133412010355)	(5, 36.36538544200574)	(6, 36.325236137957546)	(7, 36.321152517068256)	(8, 36.360616716661234)	(9, 36.35977334671923)	(10, 36.34326758986138)	(15, 36.324356929012666)	(20, 36.309755534115915)	(25, 36.25224065220909)	(30, 36.23306117070776)	(35, 36.201852476987085)	(40, 36.17210106351257)	(45, 36.14612663084342)	(50, 36.10253232655555)	(55, 36.06642408669055)	(60, 36.042561004509295)	(65, 35.99404021574968)	(70, 35.9631626474097)	(75, 35.91274560969402)	(80, 35.874828844849866)	(85, 35.836647782831626)	(90, 35.80816028777425)	(95, 35.73616006857684)	(100, 35.709079757928635)	(105, 35.63566635677463)	(110, 35.60414954890116)	(115, 35.5208727590496)	(120, 35.514871588346345)	(125, 35.40241178485436)	(130, 35.366323073588894)	(135, 35.233742353689664)	(140, 35.20189876950131)	(145, 35.07036543180204)	(150, 34.99786614464374)
SRR36750776_1	(1, 36.45735280809428)	(2, 36.50548636669601)	(3, 36.54585248964958)	(4, 36.57779733917019)	(5, 36.596949653322696)	(6, 36.57354411782844)	(7, 36.542736605376426)	(8, 36.590135600555875)	(9, 36.579757713136694)	(10, 36.57771019877848)	(15, 36.56586555444171)	(20, 36.54187607122052)	(25, 36.50189170020526)	(30, 36.47288370292658)	(35, 36.45130565458024)	(40, 36.42182506196063)	(45, 36.3967767910773)	(50, 36.377750185599176)	(55, 36.352893183773844)	(60, 36.32675129413822)	(65, 36.29955465027383)	(70, 36.27985051913507)	(75, 36.24784218291695)	(80, 36.22338290724923)	(85, 36.17249116952962)	(90, 36.14945572433784)	(95, 36.115930617767326)	(100, 36.077693936863724)	(105, 36.061699578885055)	(110, 36.00460389647327)	(115, 35.957246580105654)	(120, 35.897983570994)	(125, 35.87280887362184)	(130, 35.843215333473076)	(135, 35.77333950653734)	(140, 35.699356858219716)	(145, 35.68384699648929)	(150, 35.575920225979374)
SRR36750776_2	(1, 36.09351421345186)	(2, 35.9930885010773)	(3, 36.089755144671365)	(4, 36.12103442071109)	(5, 36.15158431754378)	(6, 36.09809985123296)	(7, 36.09356662529834)	(8, 36.15551150301879)	(9, 36.15641441101319)	(10, 36.13767515918033)	(15, 36.12237912638965)	(20, 36.11027343687579)	(25, 36.04081918348781)	(30, 36.018219594071965)	(35, 35.98626376085135)	(40, 35.94913463911182)	(45, 35.917744785469914)	(50, 35.866712749212994)	(55, 35.82680620978975)	(60, 35.8024086547682)	(65, 35.74522344494693)	(70, 35.71083937087896)	(75, 35.65212635573282)	(80, 35.613478896982436)	(85, 35.572755074570516)	(90, 35.5440391935788)	(95, 35.461442248112725)	(100, 35.43257948861818)	(105, 35.35170561678673)	(110, 35.31916067441171)	(115, 35.22721303396028)	(120, 35.22695929226005)	(125, 35.10513012565427)	(130, 35.06858000100095)	(135, 34.922801634235555)	(140, 34.8921876582236)	(145, 34.751682994238664)	(150, 34.67555056009891)
SRR36750778_1	(1, 36.10677990061234)	(2, 36.11603129406737)	(3, 36.28728866231774)	(4, 36.30871204364778)	(5, 36.34402486363962)	(6, 36.31790479350524)	(7, 36.30417094879642)	(8, 36.37847204433543)	(9, 36.36119401479021)	(10, 36.35406895783227)	(15, 36.32681166906063)	(20, 36.28788299633716)	(25, 36.21792469121873)	(30, 36.177613412373155)	(35, 36.15076114126358)	(40, 36.13702154119797)	(45, 36.11943840922686)	(50, 36.08471981736584)	(55, 36.03107016281338)	(60, 36.030080104413635)	(65, 36.00933423571182)	(70, 35.97927211990252)	(75, 35.94200255334785)	(80, 35.86379828570718)	(85, 35.87332503312055)	(90, 35.85168936383594)	(95, 35.8003543904543)	(100, 35.787770215636215)	(105, 35.73624295478771)	(110, 35.71039149911379)	(115, 35.68670337865916)	(120, 35.67229276877104)	(125, 35.64309886472784)	(130, 35.541914765470615)	(135, 35.551211117978994)	(140, 35.53971448135904)	(145, 35.479475690733906)	(150, 35.47812327531998)
SRR36750778_2	(1, 35.38056287700818)	(2, 35.216368652029104)	(3, 35.45596393708386)	(4, 35.48272475781642)	(5, 35.553611631202344)	(6, 35.49538087459436)	(7, 35.53201671034208)	(8, 35.59438490823367)	(9, 35.57398490906832)	(10, 35.61183325647586)	(15, 35.582057176915896)	(20, 35.54990064067896)	(25, 35.476367305998146)	(30, 35.451421060812535)	(35, 35.386674816766785)	(40, 35.37069735459448)	(45, 35.34299349000009)	(50, 35.223840986219)	(55, 35.250417878455266)	(60, 35.215336873521395)	(65, 35.17787996512029)	(70, 35.11243052734671)	(75, 34.96980962818246)	(80, 35.01371824794108)	(85, 34.95319527723145)	(90, 34.920482084630095)	(95, 34.87541499999829)	(100, 34.77334004750101)	(105, 34.80221350772895)	(110, 34.75930598369932)	(115, 34.66603142642812)	(120, 34.63022821141979)	(125, 34.46124139993822)	(130, 34.448796773836)	(135, 34.43616038970991)	(140, 34.37738044499808)	(145, 34.29836449764564)	(150, 34.25540666407406)
SRR36750779_1	(1, 36.139279536772214)	(2, 36.153138486350066)	(3, 36.317571275030566)	(4, 36.33628673895047)	(5, 36.36744314811456)	(6, 36.342276130662995)	(7, 36.32790892961973)	(8, 36.402449116378655)	(9, 36.38564127300983)	(10, 36.37838091903982)	(15, 36.35235434885722)	(20, 36.31296654359478)	(25, 36.24505390993194)	(30, 36.2037604550068)	(35, 36.17563693628854)	(40, 36.16002259236238)	(45, 36.14123050152973)	(50, 36.10809753673463)	(55, 36.053702053059844)	(60, 36.05083517736653)	(65, 36.02730425800079)	(70, 35.99843973126899)	(75, 35.9604221995651)	(80, 35.885103926017294)	(85, 35.8906761182395)	(90, 35.87044961178484)	(95, 35.82146921675593)	(100, 35.80877643492368)	(105, 35.75777653116746)	(110, 35.73042425864497)	(115, 35.70681920473504)	(120, 35.691512204361956)	(125, 35.665547437250794)	(130, 35.5629575212206)	(135, 35.571682390956)	(140, 35.559253294048496)	(145, 35.498099810541646)	(150, 35.4971228480794)
SRR36750779_2	(1, 35.8658844975059)	(2, 35.72620503144027)	(3, 35.87908469490149)	(4, 35.88527278590439)	(5, 35.938281362336326)	(6, 35.893770113893574)	(7, 35.89129553701148)	(8, 35.94273096875298)	(9, 35.930221042415894)	(10, 35.95340385841659)	(15, 35.93333761509471)	(20, 35.90584681289329)	(25, 35.846431277154835)	(30, 35.82346324964216)	(35, 35.7687211426858)	(40, 35.75330207008464)	(45, 35.7277395942654)	(50, 35.63216476013254)	(55, 35.64923895717766)	(60, 35.62018833870599)	(65, 35.585034362093594)	(70, 35.528604791252626)	(75, 35.41099044042453)	(80, 35.444725676495935)	(85, 35.394151423276654)	(90, 35.3647406920579)	(95, 35.32712933974089)	(100, 35.24042473794662)	(105, 35.26108812209999)	(110, 35.22059447207992)	(115, 35.14173785574248)	(120, 35.108185766581634)	(125, 34.964444299588834)	(130, 34.95016637902177)	(135, 34.934989533969265)	(140, 34.880757841087345)	(145, 34.80653182313692)	(150, 34.767471407739606)
SRR36750780_1	(1, 36.168053221644314)	(2, 36.15989465950784)	(3, 36.32489618886152)	(4, 36.342160688316085)	(5, 36.37229692440879)	(6, 36.34405029656385)	(7, 36.330261117985806)	(8, 36.40655526415388)	(9, 36.39298116902828)	(10, 36.38408002412095)	(15, 36.35430294606438)	(20, 36.316596794057865)	(25, 36.248107834316)	(30, 36.20734054351003)	(35, 36.18175432361669)	(40, 36.165505150186206)	(45, 36.14936732569063)	(50, 36.11302094652656)	(55, 36.058185147895074)	(60, 36.05688369549605)	(65, 36.03587021927139)	(70, 36.00738505856529)	(75, 35.968346260929465)	(80, 35.89166713717591)	(85, 35.89622347375032)	(90, 35.8783921088483)	(95, 35.82585691311112)	(100, 35.815213067811285)	(105, 35.75874495059585)	(110, 35.73614051065497)	(115, 35.7118842189021)	(120, 35.699199818725106)	(125, 35.67067085128164)	(130, 35.567171883484704)	(135, 35.57813230601812)	(140, 35.56455014015499)	(145, 35.50381841235584)	(150, 35.501185240589365)
SRR36750780_2	(1, 35.2826660377167)	(2, 35.09349537376471)	(3, 35.35390568869851)	(4, 35.386794318718394)	(5, 35.46266282712964)	(6, 35.412319541543965)	(7, 35.45722737269978)	(8, 35.518134470474145)	(9, 35.52709421506561)	(10, 35.51938233590028)	(15, 35.49246784968922)	(20, 35.464312281557994)	(25, 35.38319356427811)	(30, 35.363263487513485)	(35, 35.29567209594602)	(40, 35.275951259011215)	(45, 35.24574202531106)	(50, 35.12486110669359)	(55, 35.1548958966804)	(60, 35.12198673906311)	(65, 35.08369311228276)	(70, 35.01599408363858)	(75, 34.868522550355785)	(80, 34.9149381178754)	(85, 34.84936757768834)	(90, 34.82178037336935)	(95, 34.774909561767124)	(100, 34.672918909247656)	(105, 34.70002212131266)	(110, 34.658198074696614)	(115, 34.562163170153006)	(120, 34.524183614250624)	(125, 34.351383423168244)	(130, 34.33671767395488)	(135, 34.32306701920011)	(140, 34.258312454414806)	(145, 34.17747276670944)	(150, 34.12898608448203)
SRR36750781_1	(1, 36.190823333174585)	(2, 36.19149526690934)	(3, 36.34512897886926)	(4, 36.35899695141111)	(5, 36.38687982365641)	(6, 36.35939669474123)	(7, 36.34434759831333)	(8, 36.415658454902555)	(9, 36.399617785069694)	(10, 36.39396025449433)	(15, 36.36469073646614)	(20, 36.325111567419384)	(25, 36.2558391481874)	(30, 36.21347449941905)	(35, 36.18327070640861)	(40, 36.16823276249554)	(45, 36.148144032721184)	(50, 36.11188460733145)	(55, 36.05610048901981)	(60, 36.05238681430352)	(65, 36.027798520343794)	(70, 35.99823430961636)	(75, 35.95920279034089)	(80, 35.88083344159422)	(85, 35.8868617175521)	(90, 35.86640619473939)	(95, 35.81541340251884)	(100, 35.802310162780216)	(105, 35.749201302399555)	(110, 35.721659613975035)	(115, 35.6973638498453)	(120, 35.682254503065636)	(125, 35.65229443090048)	(130, 35.55192837056052)	(135, 35.558440164045535)	(140, 35.545869483309545)	(145, 35.48342071231245)	(150, 35.48010230723903)
SRR36750781_2	(1, 35.594399873524985)	(2, 35.43262345192808)	(3, 35.64368659164774)	(4, 35.662036881782214)	(5, 35.7226599233992)	(6, 35.6720671704062)	(7, 35.70623557323926)	(8, 35.7657835913324)	(9, 35.756415197066275)	(10, 35.76371394384205)	(15, 35.736979160648914)	(20, 35.70487933443933)	(25, 35.63407750596233)	(30, 35.61105586909723)	(35, 35.54713446593473)	(40, 35.52867497556028)	(45, 35.502092530224516)	(50, 35.38903064567354)	(55, 35.41380977233652)	(60, 35.37862951303456)	(65, 35.340237611267995)	(70, 35.272836750291034)	(75, 35.14081199748516)	(80, 35.17811823046576)	(85, 35.11869617308816)	(90, 35.08765635713071)	(95, 35.044091935893405)	(100, 34.94879369665216)	(105, 34.96978391315608)	(110, 34.92812949570343)	(115, 34.83704635049979)	(120, 34.803814505286276)	(125, 34.639959812902646)	(130, 34.62607369198544)	(135, 34.61006530315255)	(140, 34.55285580467614)	(145, 34.470806330344956)	(150, 34.42899004291076)
SRR36750783_1	(1, 36.16482054501771)	(2, 36.173118385289456)	(3, 36.329302787174385)	(4, 36.345957758681784)	(5, 36.370904356887685)	(6, 36.34209376456696)	(7, 36.328826513042515)	(8, 36.403712672395464)	(9, 36.38966540531962)	(10, 36.38132344618246)	(15, 36.35042017230313)	(20, 36.311361965345725)	(25, 36.23818645510906)	(30, 36.19382771583059)	(35, 36.16410803033223)	(40, 36.14636523932488)	(45, 36.12663710436507)	(50, 36.08672843640545)	(55, 36.033028320917836)	(60, 36.027483477884175)	(65, 36.00222678494249)	(70, 35.970292107813734)	(75, 35.9314416388262)	(80, 35.8504620452987)	(85, 35.8536154362128)	(90, 35.835336066972836)	(95, 35.781549400652196)	(100, 35.77248042350118)	(105, 35.71312993405128)	(110, 35.69006653763729)	(115, 35.66171234599572)	(120, 35.64827499228918)	(125, 35.616582958938515)	(130, 35.51053474161018)	(135, 35.51695909722021)	(140, 35.500997730174205)	(145, 35.434701473989335)	(150, 35.435979633454075)
SRR36750783_2	(1, 35.2649153706334)	(2, 35.097316135626585)	(3, 35.362570757377185)	(4, 35.39608407638353)	(5, 35.465175592086155)	(6, 35.41157097098436)	(7, 35.452003914800684)	(8, 35.51517144970399)	(9, 35.48811560540167)	(10, 35.526606400828875)	(15, 35.49187592018278)	(20, 35.46049304329339)	(25, 35.379242273459106)	(30, 35.35469594415869)	(35, 35.28132704955586)	(40, 35.26258592448487)	(45, 35.2320554500274)	(50, 35.106241347162566)	(55, 35.135827079001714)	(60, 35.10052758976242)	(65, 35.058688611643184)	(70, 34.986289648336715)	(75, 34.84145413584419)	(80, 34.883004345009525)	(85, 34.81621722152961)	(90, 34.78550560020123)	(95, 34.73905928497493)	(100, 34.63522765134917)	(105, 34.65923981298393)	(110, 34.61661855348015)	(115, 34.5171583058755)	(120, 34.47967072553574)	(125, 34.30300516849514)	(130, 34.2870354218592)	(135, 34.270499416572925)	(140, 34.20879977221888)	(145, 34.122866773004446)	(150, 34.07940607223316)
SRR36750784_1	(1, 36.445135985980706)	(2, 36.4969158194266)	(3, 36.534656407844935)	(4, 36.568784896266536)	(5, 36.587454455769546)	(6, 36.56194486650981)	(7, 36.5301539626627)	(8, 36.57649374096547)	(9, 36.568583572424366)	(10, 36.566759896547715)	(15, 36.559085478814936)	(20, 36.5343316118065)	(25, 36.493862338195136)	(30, 36.463473219215906)	(35, 36.437839381171536)	(40, 36.40251458245521)	(45, 36.36671712527335)	(50, 36.35268403403921)	(55, 36.316196205856976)	(60, 36.28705721742493)	(65, 36.25460845217367)	(70, 36.227909113452064)	(75, 36.20808598814979)	(80, 36.18087357087654)	(85, 36.12749903194242)	(90, 36.101589671053226)	(95, 36.065314344230025)	(100, 36.02428459339707)	(105, 36.007581071809796)	(110, 35.94910981013218)	(115, 35.89837582164389)	(120, 35.83723655578234)	(125, 35.80839454010168)	(130, 35.77646856879046)	(135, 35.70043650693761)	(140, 35.6255211791718)	(145, 35.604959154129226)	(150, 35.50497605697695)
SRR36750784_2	(1, 36.00027084189143)	(2, 35.888175156562895)	(3, 36.004829951246315)	(4, 36.040172113407614)	(5, 36.0711330317314)	(6, 35.99263553207819)	(7, 35.988923332517466)	(8, 36.04536572224594)	(9, 36.06735195681526)	(10, 36.05718060928446)	(15, 36.0486318922888)	(20, 36.03882950457411)	(25, 35.96246305983319)	(30, 35.938717043865466)	(35, 35.90210060193633)	(40, 35.86218372367165)	(45, 35.82509651922378)	(50, 35.76853884093381)	(55, 35.73006863434524)	(60, 35.70968057581082)	(65, 35.65071868701935)	(70, 35.605072964494916)	(75, 35.54185959175017)	(80, 35.50408052739456)	(85, 35.473358883983586)	(90, 35.446920377197)	(95, 35.36563463605587)	(100, 35.33874023440116)	(105, 35.25945501705549)	(110, 35.22822588117341)	(115, 35.13068179639352)	(120, 35.126622831376956)	(125, 35.005244054948186)	(130, 34.96934595726836)	(135, 34.82120280685818)	(140, 34.79088192054054)	(145, 34.65302174822362)	(150, 34.57740325985022)
