Sample	0	1	2	3	4	5	6	7	8	9	10	11	12	13	14	15	16	17	18	19	20	21	22	23	24	25	26
SRR36750771_1	(13.0, 7.0)	(14.0, 122.0)	(15.0, 557.0)	(16.0, 1214.0)	(17.0, 1970.0)	(18.0, 2918.0)	(19.0, 4189.0)	(20.0, 5712.0)	(21.0, 8115.0)	(22.0, 10549.0)	(23.0, 15014.0)	(24.0, 21752.0)	(25.0, 33783.0)	(26.0, 51230.0)	(27.0, 79445.0)	(28.0, 118588.0)	(29.0, 170687.0)	(30.0, 231288.0)	(31.0, 304548.0)	(32.0, 405902.0)	(33.0, 551977.0)	(34.0, 861246.0)	(35.0, 2023490.0)	(36.0, 23978632.0)	(37.0, 3850403.0)		
SRR36750771_2	(11.0, 62.0)	(12.0, 3087.0)	(13.0, 13183.0)	(14.0, 19399.0)	(15.0, 19650.0)	(16.0, 18694.0)	(17.0, 18379.0)	(18.0, 19391.0)	(19.0, 23559.0)	(20.0, 32548.0)	(21.0, 46332.0)	(22.0, 62011.0)	(23.0, 74146.0)	(24.0, 82825.0)	(25.0, 91288.0)	(26.0, 103574.0)	(27.0, 123803.0)	(28.0, 152132.0)	(29.0, 193956.0)	(30.0, 252960.0)	(31.0, 343942.0)	(32.0, 492925.0)	(33.0, 792032.0)	(34.0, 1638454.0)	(35.0, 5582799.0)	(36.0, 21657082.0)	(37.0, 875125.0)
SRR36750772_1	(13.0, 2.0)	(14.0, 66.0)	(15.0, 247.0)	(16.0, 643.0)	(17.0, 1132.0)	(18.0, 1846.0)	(19.0, 3155.0)	(20.0, 4878.0)	(21.0, 7176.0)	(22.0, 9281.0)	(23.0, 13339.0)	(24.0, 19754.0)	(25.0, 28934.0)	(26.0, 42991.0)	(27.0, 65424.0)	(28.0, 95101.0)	(29.0, 135995.0)	(30.0, 181917.0)	(31.0, 237567.0)	(32.0, 311429.0)	(33.0, 429471.0)	(34.0, 684855.0)	(35.0, 1615294.0)	(36.0, 17016435.0)	(37.0, 2607505.0)		
SRR36750772_2	(11.0, 37.0)	(12.0, 1864.0)	(13.0, 9492.0)	(14.0, 15249.0)	(15.0, 16171.0)	(16.0, 15494.0)	(17.0, 14520.0)	(18.0, 15176.0)	(19.0, 18960.0)	(20.0, 27687.0)	(21.0, 40942.0)	(22.0, 55474.0)	(23.0, 64189.0)	(24.0, 68843.0)	(25.0, 71991.0)	(26.0, 77851.0)	(27.0, 88485.0)	(28.0, 106829.0)	(29.0, 133600.0)	(30.0, 172730.0)	(31.0, 232487.0)	(32.0, 328701.0)	(33.0, 514820.0)	(34.0, 1006262.0)	(35.0, 3299972.0)	(36.0, 16220937.0)	(37.0, 895674.0)
SRR36750775_1	(13.0, 5.0)	(14.0, 133.0)	(15.0, 585.0)	(16.0, 1426.0)	(17.0, 2234.0)	(18.0, 3383.0)	(19.0, 5350.0)	(20.0, 7767.0)	(21.0, 10893.0)	(22.0, 14384.0)	(23.0, 20457.0)	(24.0, 30213.0)	(25.0, 44573.0)	(26.0, 66077.0)	(27.0, 98401.0)	(28.0, 142631.0)	(29.0, 199845.0)	(30.0, 267640.0)	(31.0, 347632.0)	(32.0, 456382.0)	(33.0, 631378.0)	(34.0, 999357.0)	(35.0, 2368005.0)	(36.0, 25836924.0)	(37.0, 3992189.0)		
SRR36750775_2	(11.0, 24.0)	(12.0, 2252.0)	(13.0, 10859.0)	(14.0, 18207.0)	(15.0, 20010.0)	(16.0, 19654.0)	(17.0, 19268.0)	(18.0, 20162.0)	(19.0, 24117.0)	(20.0, 34312.0)	(21.0, 49923.0)	(22.0, 67683.0)	(23.0, 79105.0)	(24.0, 86748.0)	(25.0, 92270.0)	(26.0, 100885.0)	(27.0, 117337.0)	(28.0, 141271.0)	(29.0, 179142.0)	(30.0, 231098.0)	(31.0, 310735.0)	(32.0, 439015.0)	(33.0, 679243.0)	(34.0, 1310614.0)	(35.0, 4290990.0)	(36.0, 25452281.0)	(37.0, 1750659.0)
SRR36750776_1	(13.0, 10.0)	(14.0, 158.0)	(15.0, 663.0)	(16.0, 1394.0)	(17.0, 2329.0)	(18.0, 3328.0)	(19.0, 4977.0)	(20.0, 7278.0)	(21.0, 10913.0)	(22.0, 15588.0)	(23.0, 22310.0)	(24.0, 32463.0)	(25.0, 47196.0)	(26.0, 68345.0)	(27.0, 99691.0)	(28.0, 143159.0)	(29.0, 200722.0)	(30.0, 267466.0)	(31.0, 348414.0)	(32.0, 459759.0)	(33.0, 626791.0)	(34.0, 973920.0)	(35.0, 2242626.0)	(36.0, 25190611.0)	(37.0, 4336456.0)		
SRR36750776_2	(11.0, 49.0)	(12.0, 3238.0)	(13.0, 14454.0)	(14.0, 21560.0)	(15.0, 22840.0)	(16.0, 21797.0)	(17.0, 21625.0)	(18.0, 23501.0)	(19.0, 29398.0)	(20.0, 41756.0)	(21.0, 59759.0)	(22.0, 78178.0)	(23.0, 90900.0)	(24.0, 100208.0)	(25.0, 110812.0)	(26.0, 125944.0)	(27.0, 148915.0)	(28.0, 181283.0)	(29.0, 228450.0)	(30.0, 293111.0)	(31.0, 392279.0)	(32.0, 558739.0)	(33.0, 885667.0)	(34.0, 1792231.0)	(35.0, 5919813.0)	(36.0, 22962260.0)	(37.0, 977800.0)
SRR36750778_1	(13.0, 2.0)	(14.0, 51.0)	(15.0, 266.0)	(16.0, 657.0)	(17.0, 1331.0)	(18.0, 2346.0)	(19.0, 3782.0)	(20.0, 6087.0)	(21.0, 9400.0)	(22.0, 13242.0)	(23.0, 19420.0)	(24.0, 29500.0)	(25.0, 46141.0)	(26.0, 71884.0)	(27.0, 110667.0)	(28.0, 164635.0)	(29.0, 235744.0)	(30.0, 321830.0)	(31.0, 430709.0)	(32.0, 581592.0)	(33.0, 831611.0)	(34.0, 1424880.0)	(35.0, 3806524.0)	(36.0, 22076362.0)	(37.0, 1920554.0)		
SRR36750778_2	(11.0, 235.0)	(12.0, 3928.0)	(13.0, 14762.0)	(14.0, 21191.0)	(15.0, 21839.0)	(16.0, 20684.0)	(17.0, 20151.0)	(18.0, 22387.0)	(19.0, 28571.0)	(20.0, 42210.0)	(21.0, 62121.0)	(22.0, 84699.0)	(23.0, 104114.0)	(24.0, 121235.0)	(25.0, 142245.0)	(26.0, 170753.0)	(27.0, 211459.0)	(28.0, 266822.0)	(29.0, 346622.0)	(30.0, 458855.0)	(31.0, 639801.0)	(32.0, 961708.0)	(33.0, 1630425.0)	(34.0, 3295277.0)	(35.0, 8069920.0)	(36.0, 14898602.0)	(37.0, 448601.0)
SRR36750779_1	(13.0, 5.0)	(14.0, 53.0)	(15.0, 268.0)	(16.0, 620.0)	(17.0, 1156.0)	(18.0, 2106.0)	(19.0, 3499.0)	(20.0, 5268.0)	(21.0, 7959.0)	(22.0, 11157.0)	(23.0, 16442.0)	(24.0, 24757.0)	(25.0, 37233.0)	(26.0, 56609.0)	(27.0, 86664.0)	(28.0, 127788.0)	(29.0, 182093.0)	(30.0, 249547.0)	(31.0, 338464.0)	(32.0, 461322.0)	(33.0, 665362.0)	(34.0, 1141239.0)	(35.0, 3026996.0)	(36.0, 17944414.0)	(37.0, 1688589.0)		
SRR36750779_2	(11.0, 92.0)	(12.0, 2270.0)	(13.0, 9111.0)	(14.0, 14383.0)	(15.0, 15521.0)	(16.0, 15163.0)	(17.0, 14805.0)	(18.0, 16166.0)	(19.0, 20484.0)	(20.0, 30643.0)	(21.0, 45117.0)	(22.0, 58810.0)	(23.0, 69778.0)	(24.0, 76551.0)	(25.0, 84797.0)	(26.0, 98268.0)	(27.0, 119692.0)	(28.0, 151748.0)	(29.0, 197040.0)	(30.0, 263661.0)	(31.0, 365703.0)	(32.0, 545818.0)	(33.0, 905559.0)	(34.0, 1829078.0)	(35.0, 5052753.0)	(36.0, 15271025.0)	(37.0, 805574.0)
SRR36750780_1	(13.0, 5.0)	(14.0, 48.0)	(15.0, 269.0)	(16.0, 642.0)	(17.0, 1246.0)	(18.0, 2042.0)	(19.0, 3435.0)	(20.0, 5651.0)	(21.0, 8902.0)	(22.0, 12218.0)	(23.0, 17032.0)	(24.0, 25116.0)	(25.0, 38496.0)	(26.0, 59723.0)	(27.0, 91532.0)	(28.0, 137826.0)	(29.0, 199678.0)	(30.0, 275215.0)	(31.0, 372557.0)	(32.0, 511811.0)	(33.0, 744227.0)	(34.0, 1292328.0)	(35.0, 3497899.0)	(36.0, 20285256.0)	(37.0, 1782192.0)		
SRR36750780_2	(11.0, 230.0)	(12.0, 4756.0)	(13.0, 17155.0)	(14.0, 23131.0)	(15.0, 23178.0)	(16.0, 21262.0)	(17.0, 20522.0)	(18.0, 22996.0)	(19.0, 29090.0)	(20.0, 43099.0)	(21.0, 62768.0)	(22.0, 85009.0)	(23.0, 101697.0)	(24.0, 119088.0)	(25.0, 136080.0)	(26.0, 163519.0)	(27.0, 201108.0)	(28.0, 253901.0)	(29.0, 330388.0)	(30.0, 441049.0)	(31.0, 617264.0)	(32.0, 940400.0)	(33.0, 1598646.0)	(34.0, 3215677.0)	(35.0, 7628172.0)	(36.0, 12920448.0)	(37.0, 344713.0)
SRR36750781_1	(12.0, 1.0)	(13.0, 7.0)	(14.0, 95.0)	(15.0, 350.0)	(16.0, 854.0)	(17.0, 1403.0)	(18.0, 2484.0)	(19.0, 3876.0)	(20.0, 6302.0)	(21.0, 9551.0)	(22.0, 12917.0)	(23.0, 18602.0)	(24.0, 27498.0)	(25.0, 41088.0)	(26.0, 61711.0)	(27.0, 91459.0)	(28.0, 134023.0)	(29.0, 192277.0)	(30.0, 262739.0)	(31.0, 356675.0)	(32.0, 489655.0)	(33.0, 715974.0)	(34.0, 1246921.0)	(35.0, 3370493.0)	(36.0, 19618411.0)	(37.0, 1722850.0)	
SRR36750781_2	(11.0, 102.0)	(12.0, 2911.0)	(13.0, 11799.0)	(14.0, 17718.0)	(15.0, 18694.0)	(16.0, 17985.0)	(17.0, 17671.0)	(18.0, 18996.0)	(19.0, 24206.0)	(20.0, 34756.0)	(21.0, 50430.0)	(22.0, 68545.0)	(23.0, 81799.0)	(24.0, 94051.0)	(25.0, 108372.0)	(26.0, 128131.0)	(27.0, 158963.0)	(28.0, 203191.0)	(29.0, 266231.0)	(30.0, 356462.0)	(31.0, 500960.0)	(32.0, 756597.0)	(33.0, 1277151.0)	(34.0, 2593879.0)	(35.0, 6642474.0)	(36.0, 14407945.0)	(37.0, 528197.0)
SRR36750783_1	(13.0, 9.0)	(14.0, 116.0)	(15.0, 517.0)	(16.0, 1230.0)	(17.0, 2178.0)	(18.0, 3605.0)	(19.0, 5786.0)	(20.0, 9836.0)	(21.0, 15400.0)	(22.0, 20979.0)	(23.0, 29161.0)	(24.0, 42689.0)	(25.0, 62194.0)	(26.0, 93874.0)	(27.0, 139035.0)	(28.0, 201988.0)	(29.0, 285212.0)	(30.0, 389617.0)	(31.0, 523243.0)	(32.0, 713239.0)	(33.0, 1036935.0)	(34.0, 1794780.0)	(35.0, 4810691.0)	(36.0, 27454314.0)	(37.0, 2436932.0)		
SRR36750783_2	(11.0, 282.0)	(12.0, 5590.0)	(13.0, 19448.0)	(14.0, 28400.0)	(15.0, 29154.0)	(16.0, 28468.0)	(17.0, 28131.0)	(18.0, 31374.0)	(19.0, 40743.0)	(20.0, 59515.0)	(21.0, 87178.0)	(22.0, 118036.0)	(23.0, 145028.0)	(24.0, 168598.0)	(25.0, 195287.0)	(26.0, 233786.0)	(27.0, 286743.0)	(28.0, 360282.0)	(29.0, 466971.0)	(30.0, 620031.0)	(31.0, 866195.0)	(32.0, 1309700.0)	(33.0, 2208763.0)	(34.0, 4421431.0)	(35.0, 10427328.0)	(36.0, 17439369.0)	(37.0, 447729.0)
SRR36750784_1	(13.0, 5.0)	(14.0, 113.0)	(15.0, 590.0)	(16.0, 1306.0)	(17.0, 2063.0)	(18.0, 3122.0)	(19.0, 4755.0)	(20.0, 7843.0)	(21.0, 13612.0)	(22.0, 22403.0)	(23.0, 33644.0)	(24.0, 48166.0)	(25.0, 65022.0)	(26.0, 88486.0)	(27.0, 124032.0)	(28.0, 171515.0)	(29.0, 233577.0)	(30.0, 307093.0)	(31.0, 396488.0)	(32.0, 509660.0)	(33.0, 689213.0)	(34.0, 1082912.0)	(35.0, 2424775.0)	(36.0, 26120041.0)	(37.0, 4992384.0)		
SRR36750784_2	(11.0, 46.0)	(12.0, 3067.0)	(13.0, 14844.0)	(14.0, 23851.0)	(15.0, 25607.0)	(16.0, 25480.0)	(17.0, 25745.0)	(18.0, 29036.0)	(19.0, 36862.0)	(20.0, 53085.0)	(21.0, 76350.0)	(22.0, 99018.0)	(23.0, 114556.0)	(24.0, 126385.0)	(25.0, 139595.0)	(26.0, 157376.0)	(27.0, 183875.0)	(28.0, 219469.0)	(29.0, 269413.0)	(30.0, 338664.0)	(31.0, 446402.0)	(32.0, 628566.0)	(33.0, 988046.0)	(34.0, 1991312.0)	(35.0, 6490460.0)	(36.0, 23817955.0)	(37.0, 1017755.0)
